	samples	K	cluster
1	TCGA.3Z.A93Z.01A	2	2
2	TCGA.6D.AA2E.01A	2	2
3	TCGA.A3.3357.01A	2	2
4	TCGA.A3.3358.01A	2	2
5	TCGA.A3.3367.01A	2	2
6	TCGA.A3.3370.01A	2	2
7	TCGA.A3.3373.01A	2	2
8	TCGA.A3.3376.01A	2	2
9	TCGA.A3.3385.01A	2	2
10	TCGA.A3.3387.01A	2	2
11	TCGA.A3.A6NI.01A	2	2
12	TCGA.A3.A6NJ.01A	2	2
13	TCGA.A3.A6NL.01A	2	2
14	TCGA.A3.A6NN.01A	2	2
15	TCGA.A3.A8CQ.01A	2	2
16	TCGA.A3.A8OU.01A	2	2
17	TCGA.A3.A8OV.01A	2	2
18	TCGA.A3.A8OW.01A	2	2
19	TCGA.A3.A8OX.01A	2	2
20	TCGA.AK.3425.01A	2	2
21	TCGA.AK.3428.01A	2	2
22	TCGA.AK.3431.01A	2	2
23	TCGA.AK.3433.01A	2	1
24	TCGA.AK.3434.01A	2	2
25	TCGA.AK.3440.01A	2	1
26	TCGA.AK.3445.01A	2	2
27	TCGA.AK.3450.01A	2	2
28	TCGA.AK.3453.01A	2	2
29	TCGA.AK.3454.01A	2	2
30	TCGA.AK.3458.01A	2	2
31	TCGA.AK.3460.01A	2	2
32	TCGA.AK.3461.01A	2	2
33	TCGA.B0.4688.01A	2	2
34	TCGA.B0.4690.01A	2	2
35	TCGA.B0.4691.01A	2	2
36	TCGA.B0.4693.01A	2	2
37	TCGA.B0.4694.01A	2	2
38	TCGA.B0.4696.01A	2	2
39	TCGA.B0.4697.01A	2	2
40	TCGA.B0.4698.01A	2	2
41	TCGA.B0.4699.01A	2	1
42	TCGA.B0.4700.01A	2	2
43	TCGA.B0.4701.01A	2	2
44	TCGA.B0.4703.01A	2	2
45	TCGA.B0.4706.01A	2	2
46	TCGA.B0.4707.01A	2	2
47	TCGA.B0.4710.01A	2	2
48	TCGA.B0.4712.01A	2	2
49	TCGA.B0.4712.11A	2	1
50	TCGA.B0.4713.01A	2	2
51	TCGA.B0.4714.01A	2	2
52	TCGA.B0.4718.01A	2	2
53	TCGA.B0.4810.01A	2	2
54	TCGA.B0.4811.01A	2	2
55	TCGA.B0.4813.01A	2	2
56	TCGA.B0.4814.01A	2	2
57	TCGA.B0.4815.01A	2	2
58	TCGA.B0.4816.01A	2	2
59	TCGA.B0.4817.01A	2	2
60	TCGA.B0.4818.01A	2	2
61	TCGA.B0.4819.01A	2	2
62	TCGA.B0.4821.01A	2	2
63	TCGA.B0.4822.01A	2	2
64	TCGA.B0.4823.01A	2	2
65	TCGA.B0.4824.01A	2	2
66	TCGA.B0.4827.01A	2	2
67	TCGA.B0.4828.01A	2	2
68	TCGA.B0.4841.01A	2	2
69	TCGA.B0.4842.01A	2	2
70	TCGA.B0.4843.01A	2	2
71	TCGA.B0.4844.01A	2	2
72	TCGA.B0.4845.01A	2	2
73	TCGA.B0.4846.01A	2	2
74	TCGA.B0.4847.01A	2	2
75	TCGA.B0.4848.01A	2	2
76	TCGA.B0.4849.01A	2	2
77	TCGA.B0.4852.01A	2	2
78	TCGA.B0.4945.01A	2	2
79	TCGA.B0.5080.01A	2	2
80	TCGA.B0.5083.01A	2	1
81	TCGA.B0.5092.01A	2	2
82	TCGA.B0.5094.01A	2	2
83	TCGA.B0.5095.01A	2	2
84	TCGA.B0.5096.01A	2	2
85	TCGA.B0.5097.01A	2	2
86	TCGA.B0.5098.01A	2	2
87	TCGA.B0.5099.01A	2	2
88	TCGA.B0.5100.01A	2	1
89	TCGA.B0.5102.01A	2	2
90	TCGA.B0.5104.01A	2	2
91	TCGA.B0.5106.01A	2	2
92	TCGA.B0.5107.01A	2	2
93	TCGA.B0.5108.01A	2	2
94	TCGA.B0.5109.01A	2	2
95	TCGA.B0.5110.01A	2	2
96	TCGA.B0.5113.01A	2	2
97	TCGA.B0.5115.01A	2	2
98	TCGA.B0.5116.01A	2	2
99	TCGA.B0.5117.01A	2	1
100	TCGA.B0.5119.01A	2	2
101	TCGA.B0.5120.01A	2	2
102	TCGA.B0.5121.01A	2	2
103	TCGA.B0.5399.01A	2	2
104	TCGA.B0.5400.01A	2	2
105	TCGA.B0.5402.01A	2	2
106	TCGA.B0.5402.11A	2	1
107	TCGA.B0.5690.01A	2	2
108	TCGA.B0.5691.01A	2	2
109	TCGA.B0.5692.01A	2	2
110	TCGA.B0.5693.01A	2	2
111	TCGA.B0.5694.01A	2	2
112	TCGA.B0.5695.01A	2	2
113	TCGA.B0.5696.01A	2	2
114	TCGA.B0.5697.01A	2	2
115	TCGA.B0.5698.01A	2	2
116	TCGA.B0.5699.01A	2	2
117	TCGA.B0.5700.01A	2	2
118	TCGA.B0.5701.01A	2	2
119	TCGA.B0.5702.01A	2	2
120	TCGA.B0.5703.01A	2	2
121	TCGA.B0.5705.01A	2	2
122	TCGA.B0.5706.01A	2	2
123	TCGA.B0.5707.01A	2	1
124	TCGA.B0.5709.01A	2	2
125	TCGA.B0.5710.01A	2	2
126	TCGA.B0.5711.01A	2	2
127	TCGA.B0.5711.11A	2	1
128	TCGA.B0.5712.01A	2	2
129	TCGA.B0.5712.11A	2	1
130	TCGA.B0.5713.01A	2	2
131	TCGA.B0.5812.01A	2	2
132	TCGA.B2.3924.01A	2	2
133	TCGA.B2.3924.01B	2	2
134	TCGA.B2.4101.01A	2	2
135	TCGA.B2.5633.01A	2	2
136	TCGA.B2.5633.01B	2	2
137	TCGA.B2.5635.01A	2	2
138	TCGA.B2.5635.01B	2	2
139	TCGA.B2.5636.01A	2	1
140	TCGA.B2.5639.01A	2	2
141	TCGA.B2.5641.01A	2	2
142	TCGA.B2.A4SR.01A	2	2
143	TCGA.B4.5377.01A	2	2
144	TCGA.B4.5378.01A	2	1
145	TCGA.B4.5832.01A	2	2
146	TCGA.B4.5834.01A	2	2
147	TCGA.B4.5835.01A	2	2
148	TCGA.B4.5836.01A	2	2
149	TCGA.B4.5838.01A	2	2
150	TCGA.B4.5843.01A	2	2
151	TCGA.B4.5844.01A	2	2
152	TCGA.B8.4146.01B	2	2
153	TCGA.B8.4153.01B	2	2
154	TCGA.B8.4621.01A	2	2
155	TCGA.B8.4622.01A	2	2
156	TCGA.B8.5158.01A	2	2
157	TCGA.B8.5159.01A	2	2
158	TCGA.B8.5162.01A	2	2
159	TCGA.B8.5163.01A	2	2
160	TCGA.B8.5164.01A	2	2
161	TCGA.B8.5165.01A	2	2
162	TCGA.B8.5545.01A	2	2
163	TCGA.B8.5546.01A	2	2
164	TCGA.B8.5549.01A	2	2
165	TCGA.B8.5550.01A	2	2
166	TCGA.B8.5551.01A	2	2
167	TCGA.B8.5552.01B	2	2
168	TCGA.B8.5553.01A	2	2
169	TCGA.B8.A54D.01A	2	2
170	TCGA.B8.A54E.01A	2	2
171	TCGA.B8.A54F.01A	2	2
172	TCGA.B8.A54G.01A	2	2
173	TCGA.B8.A54H.01A	2	2
174	TCGA.B8.A54I.01A	2	2
175	TCGA.B8.A54J.01A	2	2
176	TCGA.B8.A54K.01A	2	1
177	TCGA.B8.A7U6.01A	2	2
178	TCGA.B8.A8YJ.01A	2	2
179	TCGA.BP.4177.01A	2	1
180	TCGA.BP.4760.01A	2	1
181	TCGA.BP.4770.01A	2	1
182	TCGA.BP.4782.01A	2	2
183	TCGA.BP.4795.01A	2	2
184	TCGA.BP.4801.01A	2	2
185	TCGA.BP.4993.01A	2	2
186	TCGA.BP.5010.01A	2	2
187	TCGA.BP.5168.01A	2	2
188	TCGA.BP.5169.01A	2	2
189	TCGA.BP.5170.01A	2	2
190	TCGA.BP.5173.01A	2	2
191	TCGA.BP.5174.01A	2	2
192	TCGA.BP.5175.01A	2	2
193	TCGA.BP.5176.01A	2	2
194	TCGA.BP.5177.01A	2	2
195	TCGA.BP.5178.01A	2	2
196	TCGA.BP.5180.01A	2	2
197	TCGA.BP.5181.01A	2	2
198	TCGA.BP.5182.01A	2	2
199	TCGA.BP.5183.01A	2	2
200	TCGA.BP.5184.01A	2	2
201	TCGA.BP.5185.01A	2	2
202	TCGA.BP.5186.01A	2	2
203	TCGA.BP.5187.01A	2	2
204	TCGA.BP.5189.01A	2	2
205	TCGA.BP.5190.01A	2	2
206	TCGA.BP.5191.01A	2	2
207	TCGA.BP.5192.01A	2	2
208	TCGA.BP.5194.01A	2	2
209	TCGA.BP.5195.01A	2	2
210	TCGA.BP.5196.01A	2	2
211	TCGA.BP.5198.01A	2	2
212	TCGA.BP.5199.01A	2	2
213	TCGA.BP.5200.01A	2	2
214	TCGA.BP.5201.01A	2	2
215	TCGA.BP.5202.01A	2	2
216	TCGA.CJ.4869.01A	2	2
217	TCGA.CJ.4882.01A	2	2
218	TCGA.CJ.4897.01A	2	2
219	TCGA.CJ.4901.01A	2	2
220	TCGA.CJ.4902.01A	2	2
221	TCGA.CJ.4903.01A	2	2
222	TCGA.CJ.4904.01A	2	2
223	TCGA.CJ.4905.01A	2	2
224	TCGA.CJ.4907.01A	2	2
225	TCGA.CJ.4908.01A	2	2
226	TCGA.CJ.4912.01A	2	2
227	TCGA.CJ.4916.01A	2	2
228	TCGA.CJ.4918.01A	2	2
229	TCGA.CJ.4920.01A	2	2
230	TCGA.CJ.4923.01A	2	2
231	TCGA.CJ.5671.01A	2	2
232	TCGA.CJ.5672.01A	2	2
233	TCGA.CJ.5675.01A	2	2
234	TCGA.CJ.5676.01A	2	2
235	TCGA.CJ.5677.01A	2	2
236	TCGA.CJ.5678.01A	2	2
237	TCGA.CJ.5679.01A	2	2
238	TCGA.CJ.5680.01A	2	2
239	TCGA.CJ.5681.01A	2	2
240	TCGA.CJ.5682.01A	2	2
241	TCGA.CJ.5683.01A	2	2
242	TCGA.CJ.5684.01A	2	2
243	TCGA.CJ.5686.01A	2	2
244	TCGA.CJ.5689.01A	2	2
245	TCGA.CJ.6027.01A	2	2
246	TCGA.CJ.6028.01A	2	2
247	TCGA.CJ.6030.01A	2	2
248	TCGA.CJ.6031.01A	2	2
249	TCGA.CJ.6032.01A	2	2
250	TCGA.CJ.6033.01A	2	2
251	TCGA.CW.5580.01A	2	2
252	TCGA.CW.5581.01A	2	2
253	TCGA.CW.5583.01A	2	2
254	TCGA.CW.5584.01A	2	2
255	TCGA.CW.5585.01A	2	2
256	TCGA.CW.5587.01A	2	2
257	TCGA.CW.5588.01A	2	2
258	TCGA.CW.5589.01A	2	2
259	TCGA.CW.5590.01A	2	2
260	TCGA.CW.5591.01A	2	2
261	TCGA.CW.6087.01A	2	2
262	TCGA.CW.6088.01A	2	2
263	TCGA.CW.6090.01A	2	2
264	TCGA.CW.6093.01A	2	2
265	TCGA.CW.6097.01A	2	2
266	TCGA.CZ.4853.01A	2	2
267	TCGA.CZ.4856.01A	2	2
268	TCGA.CZ.4859.01A	2	2
269	TCGA.CZ.4863.01A	2	2
270	TCGA.CZ.4863.11A	2	1
271	TCGA.CZ.4864.01A	2	2
272	TCGA.CZ.4864.11A	2	1
273	TCGA.CZ.4865.01A	2	2
274	TCGA.CZ.4865.11A	2	1
275	TCGA.CZ.4866.01A	2	2
276	TCGA.CZ.5451.01A	2	2
277	TCGA.CZ.5451.11A	2	1
278	TCGA.CZ.5452.01A	2	2
279	TCGA.CZ.5452.11A	2	1
280	TCGA.CZ.5453.01A	2	2
281	TCGA.CZ.5453.11A	2	1
282	TCGA.CZ.5454.01A	2	2
283	TCGA.CZ.5454.11A	2	1
284	TCGA.CZ.5455.01A	2	2
285	TCGA.CZ.5455.11A	2	1
286	TCGA.CZ.5456.01A	2	2
287	TCGA.CZ.5456.11A	2	1
288	TCGA.CZ.5457.01A	2	2
289	TCGA.CZ.5457.11A	2	1
290	TCGA.CZ.5458.01A	2	2
291	TCGA.CZ.5458.11A	2	1
292	TCGA.CZ.5459.01A	2	2
293	TCGA.CZ.5460.01A	2	2
294	TCGA.CZ.5461.01A	2	2
295	TCGA.CZ.5461.11A	2	1
296	TCGA.CZ.5462.01A	2	2
297	TCGA.CZ.5462.11A	2	1
298	TCGA.CZ.5463.01A	2	2
299	TCGA.CZ.5463.11A	2	1
300	TCGA.CZ.5464.01A	2	2
301	TCGA.CZ.5465.01A	2	2
302	TCGA.CZ.5465.11A	2	1
303	TCGA.CZ.5466.01A	2	2
304	TCGA.CZ.5466.11A	2	1
305	TCGA.CZ.5467.01A	2	2
306	TCGA.CZ.5467.11A	2	1
307	TCGA.CZ.5468.01A	2	2
308	TCGA.CZ.5468.11A	2	1
309	TCGA.CZ.5469.01A	2	2
310	TCGA.CZ.5469.11A	2	1
311	TCGA.CZ.5470.01A	2	2
312	TCGA.CZ.5470.11A	2	1
313	TCGA.CZ.5982.01A	2	2
314	TCGA.CZ.5984.01A	2	2
315	TCGA.CZ.5985.01A	2	2
316	TCGA.CZ.5986.01A	2	2
317	TCGA.CZ.5987.01A	2	2
318	TCGA.CZ.5988.01A	2	2
319	TCGA.CZ.5989.01A	2	2
320	TCGA.DV.5565.01A	2	2
321	TCGA.DV.5566.01A	2	2
322	TCGA.DV.5567.01A	2	1
323	TCGA.DV.5568.01A	2	2
324	TCGA.DV.5569.01A	2	2
325	TCGA.DV.5573.01A	2	2
326	TCGA.DV.5574.01A	2	2
327	TCGA.DV.5575.01A	2	2
328	TCGA.DV.5576.01A	2	2
329	TCGA.DV.A4VX.01A	2	2
330	TCGA.DV.A4VZ.01A	2	1
331	TCGA.DV.A4W0.01A	2	2
332	TCGA.DV.A4W0.05A	2	1
333	TCGA.EU.5904.01A	2	2
334	TCGA.EU.5905.01A	2	2
335	TCGA.EU.5906.01A	2	2
336	TCGA.EU.5907.01A	2	2
337	TCGA.G6.A5PC.01A	2	2
338	TCGA.G6.A8L6.01A	2	2
339	TCGA.G6.A8L7.01A	2	2
340	TCGA.G6.A8L8.01A	2	2
341	TCGA.GK.A6C7.01A	2	2
342	TCGA.MM.A563.01A	2	2
343	TCGA.MM.A564.01A	2	2
344	TCGA.MM.A84U.01A	2	2
345	TCGA.MW.A4EC.01A	2	2
346	TCGA.T7.A92I.01A	2	2
347	TCGA.3Z.A93Z.01A	3	3
348	TCGA.6D.AA2E.01A	3	3
349	TCGA.A3.3357.01A	3	2
350	TCGA.A3.3358.01A	3	3
351	TCGA.A3.3367.01A	3	2
352	TCGA.A3.3370.01A	3	2
353	TCGA.A3.3373.01A	3	2
354	TCGA.A3.3376.01A	3	2
355	TCGA.A3.3385.01A	3	2
356	TCGA.A3.3387.01A	3	3
357	TCGA.A3.A6NI.01A	3	2
358	TCGA.A3.A6NJ.01A	3	3
359	TCGA.A3.A6NL.01A	3	3
360	TCGA.A3.A6NN.01A	3	3
361	TCGA.A3.A8CQ.01A	3	3
362	TCGA.A3.A8OU.01A	3	3
363	TCGA.A3.A8OV.01A	3	3
364	TCGA.A3.A8OW.01A	3	3
365	TCGA.A3.A8OX.01A	3	3
366	TCGA.AK.3425.01A	3	2
367	TCGA.AK.3428.01A	3	3
368	TCGA.AK.3431.01A	3	2
369	TCGA.AK.3433.01A	3	1
370	TCGA.AK.3434.01A	3	2
371	TCGA.AK.3440.01A	3	1
372	TCGA.AK.3445.01A	3	2
373	TCGA.AK.3450.01A	3	2
374	TCGA.AK.3453.01A	3	2
375	TCGA.AK.3454.01A	3	2
376	TCGA.AK.3458.01A	3	2
377	TCGA.AK.3460.01A	3	2
378	TCGA.AK.3461.01A	3	2
379	TCGA.B0.4688.01A	3	2
380	TCGA.B0.4690.01A	3	2
381	TCGA.B0.4691.01A	3	2
382	TCGA.B0.4693.01A	3	2
383	TCGA.B0.4694.01A	3	2
384	TCGA.B0.4696.01A	3	2
385	TCGA.B0.4697.01A	3	2
386	TCGA.B0.4698.01A	3	2
387	TCGA.B0.4699.01A	3	1
388	TCGA.B0.4700.01A	3	2
389	TCGA.B0.4701.01A	3	2
390	TCGA.B0.4703.01A	3	2
391	TCGA.B0.4706.01A	3	3
392	TCGA.B0.4707.01A	3	2
393	TCGA.B0.4710.01A	3	2
394	TCGA.B0.4712.01A	3	2
395	TCGA.B0.4712.11A	3	1
396	TCGA.B0.4713.01A	3	2
397	TCGA.B0.4714.01A	3	2
398	TCGA.B0.4718.01A	3	2
399	TCGA.B0.4810.01A	3	3
400	TCGA.B0.4811.01A	3	3
401	TCGA.B0.4813.01A	3	2
402	TCGA.B0.4814.01A	3	2
403	TCGA.B0.4815.01A	3	2
404	TCGA.B0.4816.01A	3	3
405	TCGA.B0.4817.01A	3	2
406	TCGA.B0.4818.01A	3	3
407	TCGA.B0.4819.01A	3	2
408	TCGA.B0.4821.01A	3	2
409	TCGA.B0.4822.01A	3	2
410	TCGA.B0.4823.01A	3	2
411	TCGA.B0.4824.01A	3	2
412	TCGA.B0.4827.01A	3	2
413	TCGA.B0.4828.01A	3	2
414	TCGA.B0.4841.01A	3	2
415	TCGA.B0.4842.01A	3	2
416	TCGA.B0.4843.01A	3	2
417	TCGA.B0.4844.01A	3	2
418	TCGA.B0.4845.01A	3	2
419	TCGA.B0.4846.01A	3	2
420	TCGA.B0.4847.01A	3	2
421	TCGA.B0.4848.01A	3	2
422	TCGA.B0.4849.01A	3	2
423	TCGA.B0.4852.01A	3	3
424	TCGA.B0.4945.01A	3	2
425	TCGA.B0.5080.01A	3	3
426	TCGA.B0.5083.01A	3	1
427	TCGA.B0.5092.01A	3	2
428	TCGA.B0.5094.01A	3	2
429	TCGA.B0.5095.01A	3	2
430	TCGA.B0.5096.01A	3	2
431	TCGA.B0.5097.01A	3	2
432	TCGA.B0.5098.01A	3	2
433	TCGA.B0.5099.01A	3	2
434	TCGA.B0.5100.01A	3	1
435	TCGA.B0.5102.01A	3	2
436	TCGA.B0.5104.01A	3	2
437	TCGA.B0.5106.01A	3	2
438	TCGA.B0.5107.01A	3	2
439	TCGA.B0.5108.01A	3	2
440	TCGA.B0.5109.01A	3	2
441	TCGA.B0.5110.01A	3	2
442	TCGA.B0.5113.01A	3	2
443	TCGA.B0.5115.01A	3	2
444	TCGA.B0.5116.01A	3	2
445	TCGA.B0.5117.01A	3	1
446	TCGA.B0.5119.01A	3	2
447	TCGA.B0.5120.01A	3	2
448	TCGA.B0.5121.01A	3	2
449	TCGA.B0.5399.01A	3	3
450	TCGA.B0.5400.01A	3	2
451	TCGA.B0.5402.01A	3	2
452	TCGA.B0.5402.11A	3	3
453	TCGA.B0.5690.01A	3	3
454	TCGA.B0.5691.01A	3	3
455	TCGA.B0.5692.01A	3	2
456	TCGA.B0.5693.01A	3	2
457	TCGA.B0.5694.01A	3	2
458	TCGA.B0.5695.01A	3	3
459	TCGA.B0.5696.01A	3	3
460	TCGA.B0.5697.01A	3	3
461	TCGA.B0.5698.01A	3	3
462	TCGA.B0.5699.01A	3	3
463	TCGA.B0.5700.01A	3	2
464	TCGA.B0.5701.01A	3	2
465	TCGA.B0.5702.01A	3	2
466	TCGA.B0.5703.01A	3	3
467	TCGA.B0.5705.01A	3	3
468	TCGA.B0.5706.01A	3	3
469	TCGA.B0.5707.01A	3	1
470	TCGA.B0.5709.01A	3	2
471	TCGA.B0.5710.01A	3	3
472	TCGA.B0.5711.01A	3	3
473	TCGA.B0.5711.11A	3	1
474	TCGA.B0.5712.01A	3	3
475	TCGA.B0.5712.11A	3	1
476	TCGA.B0.5713.01A	3	3
477	TCGA.B0.5812.01A	3	3
478	TCGA.B2.3924.01A	3	2
479	TCGA.B2.3924.01B	3	2
480	TCGA.B2.4101.01A	3	2
481	TCGA.B2.5633.01A	3	2
482	TCGA.B2.5633.01B	3	2
483	TCGA.B2.5635.01A	3	3
484	TCGA.B2.5635.01B	3	2
485	TCGA.B2.5636.01A	3	2
486	TCGA.B2.5639.01A	3	2
487	TCGA.B2.5641.01A	3	3
488	TCGA.B2.A4SR.01A	3	3
489	TCGA.B4.5377.01A	3	3
490	TCGA.B4.5378.01A	3	3
491	TCGA.B4.5832.01A	3	2
492	TCGA.B4.5834.01A	3	3
493	TCGA.B4.5835.01A	3	2
494	TCGA.B4.5836.01A	3	3
495	TCGA.B4.5838.01A	3	2
496	TCGA.B4.5843.01A	3	3
497	TCGA.B4.5844.01A	3	3
498	TCGA.B8.4146.01B	3	3
499	TCGA.B8.4153.01B	3	3
500	TCGA.B8.4621.01A	3	2
501	TCGA.B8.4622.01A	3	2
502	TCGA.B8.5158.01A	3	2
503	TCGA.B8.5159.01A	3	2
504	TCGA.B8.5162.01A	3	2
505	TCGA.B8.5163.01A	3	2
506	TCGA.B8.5164.01A	3	2
507	TCGA.B8.5165.01A	3	2
508	TCGA.B8.5545.01A	3	3
509	TCGA.B8.5546.01A	3	3
510	TCGA.B8.5549.01A	3	3
511	TCGA.B8.5550.01A	3	2
512	TCGA.B8.5551.01A	3	2
513	TCGA.B8.5552.01B	3	3
514	TCGA.B8.5553.01A	3	2
515	TCGA.B8.A54D.01A	3	2
516	TCGA.B8.A54E.01A	3	2
517	TCGA.B8.A54F.01A	3	2
518	TCGA.B8.A54G.01A	3	2
519	TCGA.B8.A54H.01A	3	3
520	TCGA.B8.A54I.01A	3	2
521	TCGA.B8.A54J.01A	3	3
522	TCGA.B8.A54K.01A	3	1
523	TCGA.B8.A7U6.01A	3	3
524	TCGA.B8.A8YJ.01A	3	2
525	TCGA.BP.4177.01A	3	1
526	TCGA.BP.4760.01A	3	1
527	TCGA.BP.4770.01A	3	1
528	TCGA.BP.4782.01A	3	2
529	TCGA.BP.4795.01A	3	2
530	TCGA.BP.4801.01A	3	2
531	TCGA.BP.4993.01A	3	2
532	TCGA.BP.5010.01A	3	2
533	TCGA.BP.5168.01A	3	2
534	TCGA.BP.5169.01A	3	2
535	TCGA.BP.5170.01A	3	3
536	TCGA.BP.5173.01A	3	2
537	TCGA.BP.5174.01A	3	2
538	TCGA.BP.5175.01A	3	2
539	TCGA.BP.5176.01A	3	3
540	TCGA.BP.5177.01A	3	3
541	TCGA.BP.5178.01A	3	2
542	TCGA.BP.5180.01A	3	2
543	TCGA.BP.5181.01A	3	3
544	TCGA.BP.5182.01A	3	2
545	TCGA.BP.5183.01A	3	2
546	TCGA.BP.5184.01A	3	3
547	TCGA.BP.5185.01A	3	2
548	TCGA.BP.5186.01A	3	3
549	TCGA.BP.5187.01A	3	2
550	TCGA.BP.5189.01A	3	2
551	TCGA.BP.5190.01A	3	2
552	TCGA.BP.5191.01A	3	2
553	TCGA.BP.5192.01A	3	2
554	TCGA.BP.5194.01A	3	3
555	TCGA.BP.5195.01A	3	2
556	TCGA.BP.5196.01A	3	2
557	TCGA.BP.5198.01A	3	2
558	TCGA.BP.5199.01A	3	2
559	TCGA.BP.5200.01A	3	2
560	TCGA.BP.5201.01A	3	2
561	TCGA.BP.5202.01A	3	2
562	TCGA.CJ.4869.01A	3	2
563	TCGA.CJ.4882.01A	3	2
564	TCGA.CJ.4897.01A	3	3
565	TCGA.CJ.4901.01A	3	2
566	TCGA.CJ.4902.01A	3	2
567	TCGA.CJ.4903.01A	3	2
568	TCGA.CJ.4904.01A	3	3
569	TCGA.CJ.4905.01A	3	3
570	TCGA.CJ.4907.01A	3	2
571	TCGA.CJ.4908.01A	3	2
572	TCGA.CJ.4912.01A	3	2
573	TCGA.CJ.4916.01A	3	2
574	TCGA.CJ.4918.01A	3	2
575	TCGA.CJ.4920.01A	3	2
576	TCGA.CJ.4923.01A	3	2
577	TCGA.CJ.5671.01A	3	2
578	TCGA.CJ.5672.01A	3	2
579	TCGA.CJ.5675.01A	3	3
580	TCGA.CJ.5676.01A	3	3
581	TCGA.CJ.5677.01A	3	3
582	TCGA.CJ.5678.01A	3	2
583	TCGA.CJ.5679.01A	3	2
584	TCGA.CJ.5680.01A	3	2
585	TCGA.CJ.5681.01A	3	2
586	TCGA.CJ.5682.01A	3	2
587	TCGA.CJ.5683.01A	3	3
588	TCGA.CJ.5684.01A	3	3
589	TCGA.CJ.5686.01A	3	3
590	TCGA.CJ.5689.01A	3	3
591	TCGA.CJ.6027.01A	3	2
592	TCGA.CJ.6028.01A	3	2
593	TCGA.CJ.6030.01A	3	2
594	TCGA.CJ.6031.01A	3	3
595	TCGA.CJ.6032.01A	3	3
596	TCGA.CJ.6033.01A	3	3
597	TCGA.CW.5580.01A	3	3
598	TCGA.CW.5581.01A	3	3
599	TCGA.CW.5583.01A	3	3
600	TCGA.CW.5584.01A	3	2
601	TCGA.CW.5585.01A	3	3
602	TCGA.CW.5587.01A	3	2
603	TCGA.CW.5588.01A	3	3
604	TCGA.CW.5589.01A	3	3
605	TCGA.CW.5590.01A	3	3
606	TCGA.CW.5591.01A	3	2
607	TCGA.CW.6087.01A	3	2
608	TCGA.CW.6088.01A	3	3
609	TCGA.CW.6090.01A	3	2
610	TCGA.CW.6093.01A	3	3
611	TCGA.CW.6097.01A	3	2
612	TCGA.CZ.4853.01A	3	2
613	TCGA.CZ.4856.01A	3	2
614	TCGA.CZ.4859.01A	3	3
615	TCGA.CZ.4863.01A	3	3
616	TCGA.CZ.4863.11A	3	1
617	TCGA.CZ.4864.01A	3	3
618	TCGA.CZ.4864.11A	3	3
619	TCGA.CZ.4865.01A	3	3
620	TCGA.CZ.4865.11A	3	1
621	TCGA.CZ.4866.01A	3	2
622	TCGA.CZ.5451.01A	3	3
623	TCGA.CZ.5451.11A	3	1
624	TCGA.CZ.5452.01A	3	3
625	TCGA.CZ.5452.11A	3	1
626	TCGA.CZ.5453.01A	3	3
627	TCGA.CZ.5453.11A	3	1
628	TCGA.CZ.5454.01A	3	3
629	TCGA.CZ.5454.11A	3	1
630	TCGA.CZ.5455.01A	3	3
631	TCGA.CZ.5455.11A	3	1
632	TCGA.CZ.5456.01A	3	2
633	TCGA.CZ.5456.11A	3	1
634	TCGA.CZ.5457.01A	3	3
635	TCGA.CZ.5457.11A	3	1
636	TCGA.CZ.5458.01A	3	2
637	TCGA.CZ.5458.11A	3	1
638	TCGA.CZ.5459.01A	3	3
639	TCGA.CZ.5460.01A	3	3
640	TCGA.CZ.5461.01A	3	3
641	TCGA.CZ.5461.11A	3	1
642	TCGA.CZ.5462.01A	3	2
643	TCGA.CZ.5462.11A	3	1
644	TCGA.CZ.5463.01A	3	3
645	TCGA.CZ.5463.11A	3	1
646	TCGA.CZ.5464.01A	3	3
647	TCGA.CZ.5465.01A	3	3
648	TCGA.CZ.5465.11A	3	1
649	TCGA.CZ.5466.01A	3	2
650	TCGA.CZ.5466.11A	3	1
651	TCGA.CZ.5467.01A	3	3
652	TCGA.CZ.5467.11A	3	1
653	TCGA.CZ.5468.01A	3	2
654	TCGA.CZ.5468.11A	3	1
655	TCGA.CZ.5469.01A	3	2
656	TCGA.CZ.5469.11A	3	1
657	TCGA.CZ.5470.01A	3	3
658	TCGA.CZ.5470.11A	3	1
659	TCGA.CZ.5982.01A	3	3
660	TCGA.CZ.5984.01A	3	2
661	TCGA.CZ.5985.01A	3	2
662	TCGA.CZ.5986.01A	3	3
663	TCGA.CZ.5987.01A	3	2
664	TCGA.CZ.5988.01A	3	3
665	TCGA.CZ.5989.01A	3	3
666	TCGA.DV.5565.01A	3	2
667	TCGA.DV.5566.01A	3	2
668	TCGA.DV.5567.01A	3	1
669	TCGA.DV.5568.01A	3	2
670	TCGA.DV.5569.01A	3	3
671	TCGA.DV.5573.01A	3	3
672	TCGA.DV.5574.01A	3	3
673	TCGA.DV.5575.01A	3	3
674	TCGA.DV.5576.01A	3	2
675	TCGA.DV.A4VX.01A	3	2
676	TCGA.DV.A4VZ.01A	3	1
677	TCGA.DV.A4W0.01A	3	2
678	TCGA.DV.A4W0.05A	3	1
679	TCGA.EU.5904.01A	3	3
680	TCGA.EU.5905.01A	3	3
681	TCGA.EU.5906.01A	3	3
682	TCGA.EU.5907.01A	3	3
683	TCGA.G6.A5PC.01A	3	2
684	TCGA.G6.A8L6.01A	3	3
685	TCGA.G6.A8L7.01A	3	2
686	TCGA.G6.A8L8.01A	3	3
687	TCGA.GK.A6C7.01A	3	3
688	TCGA.MM.A563.01A	3	2
689	TCGA.MM.A564.01A	3	2
690	TCGA.MM.A84U.01A	3	2
691	TCGA.MW.A4EC.01A	3	3
692	TCGA.T7.A92I.01A	3	3
693	TCGA.3Z.A93Z.01A	4	3
694	TCGA.6D.AA2E.01A	4	1
695	TCGA.A3.3357.01A	4	4
696	TCGA.A3.3358.01A	4	1
697	TCGA.A3.3367.01A	4	3
698	TCGA.A3.3370.01A	4	3
699	TCGA.A3.3373.01A	4	3
700	TCGA.A3.3376.01A	4	3
701	TCGA.A3.3385.01A	4	3
702	TCGA.A3.3387.01A	4	1
703	TCGA.A3.A6NI.01A	4	3
704	TCGA.A3.A6NJ.01A	4	3
705	TCGA.A3.A6NL.01A	4	1
706	TCGA.A3.A6NN.01A	4	3
707	TCGA.A3.A8CQ.01A	4	1
708	TCGA.A3.A8OU.01A	4	1
709	TCGA.A3.A8OV.01A	4	3
710	TCGA.A3.A8OW.01A	4	1
711	TCGA.A3.A8OX.01A	4	1
712	TCGA.AK.3425.01A	4	4
713	TCGA.AK.3428.01A	4	3
714	TCGA.AK.3431.01A	4	3
715	TCGA.AK.3433.01A	4	2
716	TCGA.AK.3434.01A	4	3
717	TCGA.AK.3440.01A	4	2
718	TCGA.AK.3445.01A	4	4
719	TCGA.AK.3450.01A	4	3
720	TCGA.AK.3453.01A	4	3
721	TCGA.AK.3454.01A	4	3
722	TCGA.AK.3458.01A	4	3
723	TCGA.AK.3460.01A	4	3
724	TCGA.AK.3461.01A	4	3
725	TCGA.B0.4688.01A	4	4
726	TCGA.B0.4690.01A	4	4
727	TCGA.B0.4691.01A	4	4
728	TCGA.B0.4693.01A	4	3
729	TCGA.B0.4694.01A	4	4
730	TCGA.B0.4696.01A	4	4
731	TCGA.B0.4697.01A	4	4
732	TCGA.B0.4698.01A	4	4
733	TCGA.B0.4699.01A	4	2
734	TCGA.B0.4700.01A	4	4
735	TCGA.B0.4701.01A	4	3
736	TCGA.B0.4703.01A	4	4
737	TCGA.B0.4706.01A	4	1
738	TCGA.B0.4707.01A	4	4
739	TCGA.B0.4710.01A	4	1
740	TCGA.B0.4712.01A	4	4
741	TCGA.B0.4712.11A	4	2
742	TCGA.B0.4713.01A	4	4
743	TCGA.B0.4714.01A	4	3
744	TCGA.B0.4718.01A	4	3
745	TCGA.B0.4810.01A	4	1
746	TCGA.B0.4811.01A	4	1
747	TCGA.B0.4813.01A	4	3
748	TCGA.B0.4814.01A	4	3
749	TCGA.B0.4815.01A	4	4
750	TCGA.B0.4816.01A	4	1
751	TCGA.B0.4817.01A	4	4
752	TCGA.B0.4818.01A	4	1
753	TCGA.B0.4819.01A	4	4
754	TCGA.B0.4821.01A	4	4
755	TCGA.B0.4822.01A	4	4
756	TCGA.B0.4823.01A	4	3
757	TCGA.B0.4824.01A	4	3
758	TCGA.B0.4827.01A	4	4
759	TCGA.B0.4828.01A	4	3
760	TCGA.B0.4841.01A	4	3
761	TCGA.B0.4842.01A	4	4
762	TCGA.B0.4843.01A	4	3
763	TCGA.B0.4844.01A	4	3
764	TCGA.B0.4845.01A	4	3
765	TCGA.B0.4846.01A	4	3
766	TCGA.B0.4847.01A	4	3
767	TCGA.B0.4848.01A	4	3
768	TCGA.B0.4849.01A	4	3
769	TCGA.B0.4852.01A	4	1
770	TCGA.B0.4945.01A	4	3
771	TCGA.B0.5080.01A	4	1
772	TCGA.B0.5083.01A	4	2
773	TCGA.B0.5092.01A	4	4
774	TCGA.B0.5094.01A	4	4
775	TCGA.B0.5095.01A	4	4
776	TCGA.B0.5096.01A	4	4
777	TCGA.B0.5097.01A	4	4
778	TCGA.B0.5098.01A	4	4
779	TCGA.B0.5099.01A	4	3
780	TCGA.B0.5100.01A	4	2
781	TCGA.B0.5102.01A	4	3
782	TCGA.B0.5104.01A	4	3
783	TCGA.B0.5106.01A	4	3
784	TCGA.B0.5107.01A	4	4
785	TCGA.B0.5108.01A	4	4
786	TCGA.B0.5109.01A	4	4
787	TCGA.B0.5110.01A	4	3
788	TCGA.B0.5113.01A	4	3
789	TCGA.B0.5115.01A	4	3
790	TCGA.B0.5116.01A	4	3
791	TCGA.B0.5117.01A	4	2
792	TCGA.B0.5119.01A	4	3
793	TCGA.B0.5120.01A	4	3
794	TCGA.B0.5121.01A	4	3
795	TCGA.B0.5399.01A	4	1
796	TCGA.B0.5400.01A	4	1
797	TCGA.B0.5402.01A	4	3
798	TCGA.B0.5402.11A	4	1
799	TCGA.B0.5690.01A	4	1
800	TCGA.B0.5691.01A	4	3
801	TCGA.B0.5692.01A	4	3
802	TCGA.B0.5693.01A	4	3
803	TCGA.B0.5694.01A	4	3
804	TCGA.B0.5695.01A	4	1
805	TCGA.B0.5696.01A	4	1
806	TCGA.B0.5697.01A	4	1
807	TCGA.B0.5698.01A	4	1
808	TCGA.B0.5699.01A	4	3
809	TCGA.B0.5700.01A	4	3
810	TCGA.B0.5701.01A	4	4
811	TCGA.B0.5702.01A	4	3
812	TCGA.B0.5703.01A	4	1
813	TCGA.B0.5705.01A	4	1
814	TCGA.B0.5706.01A	4	1
815	TCGA.B0.5707.01A	4	4
816	TCGA.B0.5709.01A	4	4
817	TCGA.B0.5710.01A	4	1
818	TCGA.B0.5711.01A	4	1
819	TCGA.B0.5711.11A	4	2
820	TCGA.B0.5712.01A	4	1
821	TCGA.B0.5712.11A	4	2
822	TCGA.B0.5713.01A	4	1
823	TCGA.B0.5812.01A	4	1
824	TCGA.B2.3924.01A	4	3
825	TCGA.B2.3924.01B	4	3
826	TCGA.B2.4101.01A	4	3
827	TCGA.B2.5633.01A	4	3
828	TCGA.B2.5633.01B	4	4
829	TCGA.B2.5635.01A	4	3
830	TCGA.B2.5635.01B	4	3
831	TCGA.B2.5636.01A	4	3
832	TCGA.B2.5639.01A	4	3
833	TCGA.B2.5641.01A	4	1
834	TCGA.B2.A4SR.01A	4	3
835	TCGA.B4.5377.01A	4	1
836	TCGA.B4.5378.01A	4	1
837	TCGA.B4.5832.01A	4	4
838	TCGA.B4.5834.01A	4	1
839	TCGA.B4.5835.01A	4	4
840	TCGA.B4.5836.01A	4	1
841	TCGA.B4.5838.01A	4	3
842	TCGA.B4.5843.01A	4	1
843	TCGA.B4.5844.01A	4	1
844	TCGA.B8.4146.01B	4	1
845	TCGA.B8.4153.01B	4	3
846	TCGA.B8.4621.01A	4	4
847	TCGA.B8.4622.01A	4	3
848	TCGA.B8.5158.01A	4	4
849	TCGA.B8.5159.01A	4	3
850	TCGA.B8.5162.01A	4	4
851	TCGA.B8.5163.01A	4	4
852	TCGA.B8.5164.01A	4	4
853	TCGA.B8.5165.01A	4	3
854	TCGA.B8.5545.01A	4	1
855	TCGA.B8.5546.01A	4	1
856	TCGA.B8.5549.01A	4	1
857	TCGA.B8.5550.01A	4	4
858	TCGA.B8.5551.01A	4	4
859	TCGA.B8.5552.01B	4	1
860	TCGA.B8.5553.01A	4	4
861	TCGA.B8.A54D.01A	4	3
862	TCGA.B8.A54E.01A	4	4
863	TCGA.B8.A54F.01A	4	3
864	TCGA.B8.A54G.01A	4	3
865	TCGA.B8.A54H.01A	4	3
866	TCGA.B8.A54I.01A	4	3
867	TCGA.B8.A54J.01A	4	3
868	TCGA.B8.A54K.01A	4	2
869	TCGA.B8.A7U6.01A	4	1
870	TCGA.B8.A8YJ.01A	4	3
871	TCGA.BP.4177.01A	4	2
872	TCGA.BP.4760.01A	4	2
873	TCGA.BP.4770.01A	4	4
874	TCGA.BP.4782.01A	4	4
875	TCGA.BP.4795.01A	4	2
876	TCGA.BP.4801.01A	4	3
877	TCGA.BP.4993.01A	4	3
878	TCGA.BP.5010.01A	4	4
879	TCGA.BP.5168.01A	4	3
880	TCGA.BP.5169.01A	4	4
881	TCGA.BP.5170.01A	4	3
882	TCGA.BP.5173.01A	4	3
883	TCGA.BP.5174.01A	4	3
884	TCGA.BP.5175.01A	4	4
885	TCGA.BP.5176.01A	4	3
886	TCGA.BP.5177.01A	4	3
887	TCGA.BP.5178.01A	4	4
888	TCGA.BP.5180.01A	4	3
889	TCGA.BP.5181.01A	4	3
890	TCGA.BP.5182.01A	4	3
891	TCGA.BP.5183.01A	4	3
892	TCGA.BP.5184.01A	4	3
893	TCGA.BP.5185.01A	4	3
894	TCGA.BP.5186.01A	4	3
895	TCGA.BP.5187.01A	4	3
896	TCGA.BP.5189.01A	4	3
897	TCGA.BP.5190.01A	4	3
898	TCGA.BP.5191.01A	4	4
899	TCGA.BP.5192.01A	4	3
900	TCGA.BP.5194.01A	4	3
901	TCGA.BP.5195.01A	4	3
902	TCGA.BP.5196.01A	4	4
903	TCGA.BP.5198.01A	4	4
904	TCGA.BP.5199.01A	4	3
905	TCGA.BP.5200.01A	4	3
906	TCGA.BP.5201.01A	4	3
907	TCGA.BP.5202.01A	4	3
908	TCGA.CJ.4869.01A	4	4
909	TCGA.CJ.4882.01A	4	4
910	TCGA.CJ.4897.01A	4	3
911	TCGA.CJ.4901.01A	4	4
912	TCGA.CJ.4902.01A	4	3
913	TCGA.CJ.4903.01A	4	3
914	TCGA.CJ.4904.01A	4	3
915	TCGA.CJ.4905.01A	4	3
916	TCGA.CJ.4907.01A	4	3
917	TCGA.CJ.4908.01A	4	3
918	TCGA.CJ.4912.01A	4	3
919	TCGA.CJ.4916.01A	4	3
920	TCGA.CJ.4918.01A	4	3
921	TCGA.CJ.4920.01A	4	3
922	TCGA.CJ.4923.01A	4	4
923	TCGA.CJ.5671.01A	4	4
924	TCGA.CJ.5672.01A	4	4
925	TCGA.CJ.5675.01A	4	1
926	TCGA.CJ.5676.01A	4	1
927	TCGA.CJ.5677.01A	4	1
928	TCGA.CJ.5678.01A	4	3
929	TCGA.CJ.5679.01A	4	4
930	TCGA.CJ.5680.01A	4	4
931	TCGA.CJ.5681.01A	4	4
932	TCGA.CJ.5682.01A	4	3
933	TCGA.CJ.5683.01A	4	1
934	TCGA.CJ.5684.01A	4	1
935	TCGA.CJ.5686.01A	4	1
936	TCGA.CJ.5689.01A	4	1
937	TCGA.CJ.6027.01A	4	4
938	TCGA.CJ.6028.01A	4	4
939	TCGA.CJ.6030.01A	4	4
940	TCGA.CJ.6031.01A	4	1
941	TCGA.CJ.6032.01A	4	1
942	TCGA.CJ.6033.01A	4	1
943	TCGA.CW.5580.01A	4	1
944	TCGA.CW.5581.01A	4	3
945	TCGA.CW.5583.01A	4	3
946	TCGA.CW.5584.01A	4	3
947	TCGA.CW.5585.01A	4	3
948	TCGA.CW.5587.01A	4	3
949	TCGA.CW.5588.01A	4	1
950	TCGA.CW.5589.01A	4	1
951	TCGA.CW.5590.01A	4	1
952	TCGA.CW.5591.01A	4	4
953	TCGA.CW.6087.01A	4	4
954	TCGA.CW.6088.01A	4	1
955	TCGA.CW.6090.01A	4	3
956	TCGA.CW.6093.01A	4	1
957	TCGA.CW.6097.01A	4	4
958	TCGA.CZ.4853.01A	4	3
959	TCGA.CZ.4856.01A	4	3
960	TCGA.CZ.4859.01A	4	3
961	TCGA.CZ.4863.01A	4	1
962	TCGA.CZ.4863.11A	4	2
963	TCGA.CZ.4864.01A	4	1
964	TCGA.CZ.4864.11A	4	1
965	TCGA.CZ.4865.01A	4	1
966	TCGA.CZ.4865.11A	4	2
967	TCGA.CZ.4866.01A	4	4
968	TCGA.CZ.5451.01A	4	1
969	TCGA.CZ.5451.11A	4	1
970	TCGA.CZ.5452.01A	4	1
971	TCGA.CZ.5452.11A	4	2
972	TCGA.CZ.5453.01A	4	1
973	TCGA.CZ.5453.11A	4	2
974	TCGA.CZ.5454.01A	4	1
975	TCGA.CZ.5454.11A	4	2
976	TCGA.CZ.5455.01A	4	1
977	TCGA.CZ.5455.11A	4	2
978	TCGA.CZ.5456.01A	4	4
979	TCGA.CZ.5456.11A	4	2
980	TCGA.CZ.5457.01A	4	1
981	TCGA.CZ.5457.11A	4	2
982	TCGA.CZ.5458.01A	4	3
983	TCGA.CZ.5458.11A	4	2
984	TCGA.CZ.5459.01A	4	1
985	TCGA.CZ.5460.01A	4	1
986	TCGA.CZ.5461.01A	4	1
987	TCGA.CZ.5461.11A	4	2
988	TCGA.CZ.5462.01A	4	1
989	TCGA.CZ.5462.11A	4	2
990	TCGA.CZ.5463.01A	4	1
991	TCGA.CZ.5463.11A	4	2
992	TCGA.CZ.5464.01A	4	1
993	TCGA.CZ.5465.01A	4	1
994	TCGA.CZ.5465.11A	4	2
995	TCGA.CZ.5466.01A	4	4
996	TCGA.CZ.5466.11A	4	1
997	TCGA.CZ.5467.01A	4	1
998	TCGA.CZ.5467.11A	4	2
999	TCGA.CZ.5468.01A	4	4
1000	TCGA.CZ.5468.11A	4	2
1001	TCGA.CZ.5469.01A	4	1
1002	TCGA.CZ.5469.11A	4	2
1003	TCGA.CZ.5470.01A	4	1
1004	TCGA.CZ.5470.11A	4	2
1005	TCGA.CZ.5982.01A	4	1
1006	TCGA.CZ.5984.01A	4	4
1007	TCGA.CZ.5985.01A	4	4
1008	TCGA.CZ.5986.01A	4	1
1009	TCGA.CZ.5987.01A	4	3
1010	TCGA.CZ.5988.01A	4	1
1011	TCGA.CZ.5989.01A	4	1
1012	TCGA.DV.5565.01A	4	3
1013	TCGA.DV.5566.01A	4	3
1014	TCGA.DV.5567.01A	4	2
1015	TCGA.DV.5568.01A	4	3
1016	TCGA.DV.5569.01A	4	1
1017	TCGA.DV.5573.01A	4	1
1018	TCGA.DV.5574.01A	4	1
1019	TCGA.DV.5575.01A	4	3
1020	TCGA.DV.5576.01A	4	2
1021	TCGA.DV.A4VX.01A	4	3
1022	TCGA.DV.A4VZ.01A	4	2
1023	TCGA.DV.A4W0.01A	4	3
1024	TCGA.DV.A4W0.05A	4	2
1025	TCGA.EU.5904.01A	4	3
1026	TCGA.EU.5905.01A	4	1
1027	TCGA.EU.5906.01A	4	3
1028	TCGA.EU.5907.01A	4	1
1029	TCGA.G6.A5PC.01A	4	3
1030	TCGA.G6.A8L6.01A	4	3
1031	TCGA.G6.A8L7.01A	4	3
1032	TCGA.G6.A8L8.01A	4	1
1033	TCGA.GK.A6C7.01A	4	3
1034	TCGA.MM.A563.01A	4	3
1035	TCGA.MM.A564.01A	4	3
1036	TCGA.MM.A84U.01A	4	3
1037	TCGA.MW.A4EC.01A	4	3
1038	TCGA.T7.A92I.01A	4	1
1039	TCGA.3Z.A93Z.01A	5	1
1040	TCGA.6D.AA2E.01A	5	3
1041	TCGA.A3.3357.01A	5	1
1042	TCGA.A3.3358.01A	5	3
1043	TCGA.A3.3367.01A	5	1
1044	TCGA.A3.3370.01A	5	1
1045	TCGA.A3.3373.01A	5	1
1046	TCGA.A3.3376.01A	5	1
1047	TCGA.A3.3385.01A	5	1
1048	TCGA.A3.3387.01A	5	3
1049	TCGA.A3.A6NI.01A	5	1
1050	TCGA.A3.A6NJ.01A	5	1
1051	TCGA.A3.A6NL.01A	5	3
1052	TCGA.A3.A6NN.01A	5	3
1053	TCGA.A3.A8CQ.01A	5	3
1054	TCGA.A3.A8OU.01A	5	3
1055	TCGA.A3.A8OV.01A	5	1
1056	TCGA.A3.A8OW.01A	5	3
1057	TCGA.A3.A8OX.01A	5	3
1058	TCGA.AK.3425.01A	5	4
1059	TCGA.AK.3428.01A	5	1
1060	TCGA.AK.3431.01A	5	1
1061	TCGA.AK.3433.01A	5	5
1062	TCGA.AK.3434.01A	5	1
1063	TCGA.AK.3440.01A	5	5
1064	TCGA.AK.3445.01A	5	1
1065	TCGA.AK.3450.01A	5	1
1066	TCGA.AK.3453.01A	5	1
1067	TCGA.AK.3454.01A	5	1
1068	TCGA.AK.3458.01A	5	1
1069	TCGA.AK.3460.01A	5	1
1070	TCGA.AK.3461.01A	5	1
1071	TCGA.B0.4688.01A	5	4
1072	TCGA.B0.4690.01A	5	4
1073	TCGA.B0.4691.01A	5	4
1074	TCGA.B0.4693.01A	5	1
1075	TCGA.B0.4694.01A	5	4
1076	TCGA.B0.4696.01A	5	4
1077	TCGA.B0.4697.01A	5	4
1078	TCGA.B0.4698.01A	5	4
1079	TCGA.B0.4699.01A	5	5
1080	TCGA.B0.4700.01A	5	4
1081	TCGA.B0.4701.01A	5	1
1082	TCGA.B0.4703.01A	5	4
1083	TCGA.B0.4706.01A	5	3
1084	TCGA.B0.4707.01A	5	4
1085	TCGA.B0.4710.01A	5	3
1086	TCGA.B0.4712.01A	5	4
1087	TCGA.B0.4712.11A	5	2
1088	TCGA.B0.4713.01A	5	1
1089	TCGA.B0.4714.01A	5	1
1090	TCGA.B0.4718.01A	5	1
1091	TCGA.B0.4810.01A	5	3
1092	TCGA.B0.4811.01A	5	1
1093	TCGA.B0.4813.01A	5	4
1094	TCGA.B0.4814.01A	5	1
1095	TCGA.B0.4815.01A	5	4
1096	TCGA.B0.4816.01A	5	3
1097	TCGA.B0.4817.01A	5	4
1098	TCGA.B0.4818.01A	5	3
1099	TCGA.B0.4819.01A	5	4
1100	TCGA.B0.4821.01A	5	4
1101	TCGA.B0.4822.01A	5	1
1102	TCGA.B0.4823.01A	5	1
1103	TCGA.B0.4824.01A	5	1
1104	TCGA.B0.4827.01A	5	4
1105	TCGA.B0.4828.01A	5	1
1106	TCGA.B0.4841.01A	5	1
1107	TCGA.B0.4842.01A	5	4
1108	TCGA.B0.4843.01A	5	4
1109	TCGA.B0.4844.01A	5	1
1110	TCGA.B0.4845.01A	5	1
1111	TCGA.B0.4846.01A	5	1
1112	TCGA.B0.4847.01A	5	1
1113	TCGA.B0.4848.01A	5	1
1114	TCGA.B0.4849.01A	5	1
1115	TCGA.B0.4852.01A	5	3
1116	TCGA.B0.4945.01A	5	1
1117	TCGA.B0.5080.01A	5	3
1118	TCGA.B0.5083.01A	5	5
1119	TCGA.B0.5092.01A	5	4
1120	TCGA.B0.5094.01A	5	1
1121	TCGA.B0.5095.01A	5	4
1122	TCGA.B0.5096.01A	5	4
1123	TCGA.B0.5097.01A	5	4
1124	TCGA.B0.5098.01A	5	4
1125	TCGA.B0.5099.01A	5	1
1126	TCGA.B0.5100.01A	5	2
1127	TCGA.B0.5102.01A	5	1
1128	TCGA.B0.5104.01A	5	1
1129	TCGA.B0.5106.01A	5	1
1130	TCGA.B0.5107.01A	5	4
1131	TCGA.B0.5108.01A	5	4
1132	TCGA.B0.5109.01A	5	4
1133	TCGA.B0.5110.01A	5	1
1134	TCGA.B0.5113.01A	5	1
1135	TCGA.B0.5115.01A	5	1
1136	TCGA.B0.5116.01A	5	1
1137	TCGA.B0.5117.01A	5	5
1138	TCGA.B0.5119.01A	5	1
1139	TCGA.B0.5120.01A	5	1
1140	TCGA.B0.5121.01A	5	1
1141	TCGA.B0.5399.01A	5	3
1142	TCGA.B0.5400.01A	5	3
1143	TCGA.B0.5402.01A	5	1
1144	TCGA.B0.5402.11A	5	2
1145	TCGA.B0.5690.01A	5	3
1146	TCGA.B0.5691.01A	5	1
1147	TCGA.B0.5692.01A	5	1
1148	TCGA.B0.5693.01A	5	1
1149	TCGA.B0.5694.01A	5	1
1150	TCGA.B0.5695.01A	5	3
1151	TCGA.B0.5696.01A	5	3
1152	TCGA.B0.5697.01A	5	3
1153	TCGA.B0.5698.01A	5	3
1154	TCGA.B0.5699.01A	5	1
1155	TCGA.B0.5700.01A	5	1
1156	TCGA.B0.5701.01A	5	1
1157	TCGA.B0.5702.01A	5	4
1158	TCGA.B0.5703.01A	5	3
1159	TCGA.B0.5705.01A	5	3
1160	TCGA.B0.5706.01A	5	3
1161	TCGA.B0.5707.01A	5	2
1162	TCGA.B0.5709.01A	5	4
1163	TCGA.B0.5710.01A	5	3
1164	TCGA.B0.5711.01A	5	1
1165	TCGA.B0.5711.11A	5	2
1166	TCGA.B0.5712.01A	5	1
1167	TCGA.B0.5712.11A	5	2
1168	TCGA.B0.5713.01A	5	3
1169	TCGA.B0.5812.01A	5	3
1170	TCGA.B2.3924.01A	5	3
1171	TCGA.B2.3924.01B	5	1
1172	TCGA.B2.4101.01A	5	1
1173	TCGA.B2.5633.01A	5	4
1174	TCGA.B2.5633.01B	5	4
1175	TCGA.B2.5635.01A	5	3
1176	TCGA.B2.5635.01B	5	4
1177	TCGA.B2.5636.01A	5	2
1178	TCGA.B2.5639.01A	5	1
1179	TCGA.B2.5641.01A	5	3
1180	TCGA.B2.A4SR.01A	5	3
1181	TCGA.B4.5377.01A	5	3
1182	TCGA.B4.5378.01A	5	3
1183	TCGA.B4.5832.01A	5	4
1184	TCGA.B4.5834.01A	5	3
1185	TCGA.B4.5835.01A	5	4
1186	TCGA.B4.5836.01A	5	3
1187	TCGA.B4.5838.01A	5	1
1188	TCGA.B4.5843.01A	5	1
1189	TCGA.B4.5844.01A	5	3
1190	TCGA.B8.4146.01B	5	3
1191	TCGA.B8.4153.01B	5	3
1192	TCGA.B8.4621.01A	5	4
1193	TCGA.B8.4622.01A	5	1
1194	TCGA.B8.5158.01A	5	4
1195	TCGA.B8.5159.01A	5	1
1196	TCGA.B8.5162.01A	5	4
1197	TCGA.B8.5163.01A	5	4
1198	TCGA.B8.5164.01A	5	4
1199	TCGA.B8.5165.01A	5	1
1200	TCGA.B8.5545.01A	5	3
1201	TCGA.B8.5546.01A	5	3
1202	TCGA.B8.5549.01A	5	3
1203	TCGA.B8.5550.01A	5	1
1204	TCGA.B8.5551.01A	5	4
1205	TCGA.B8.5552.01B	5	3
1206	TCGA.B8.5553.01A	5	1
1207	TCGA.B8.A54D.01A	5	1
1208	TCGA.B8.A54E.01A	5	1
1209	TCGA.B8.A54F.01A	5	4
1210	TCGA.B8.A54G.01A	5	4
1211	TCGA.B8.A54H.01A	5	1
1212	TCGA.B8.A54I.01A	5	4
1213	TCGA.B8.A54J.01A	5	1
1214	TCGA.B8.A54K.01A	5	2
1215	TCGA.B8.A7U6.01A	5	3
1216	TCGA.B8.A8YJ.01A	5	4
1217	TCGA.BP.4177.01A	5	2
1218	TCGA.BP.4760.01A	5	2
1219	TCGA.BP.4770.01A	5	4
1220	TCGA.BP.4782.01A	5	1
1221	TCGA.BP.4795.01A	5	2
1222	TCGA.BP.4801.01A	5	1
1223	TCGA.BP.4993.01A	5	1
1224	TCGA.BP.5010.01A	5	4
1225	TCGA.BP.5168.01A	5	1
1226	TCGA.BP.5169.01A	5	4
1227	TCGA.BP.5170.01A	5	3
1228	TCGA.BP.5173.01A	5	1
1229	TCGA.BP.5174.01A	5	1
1230	TCGA.BP.5175.01A	5	4
1231	TCGA.BP.5176.01A	5	1
1232	TCGA.BP.5177.01A	5	1
1233	TCGA.BP.5178.01A	5	4
1234	TCGA.BP.5180.01A	5	1
1235	TCGA.BP.5181.01A	5	3
1236	TCGA.BP.5182.01A	5	4
1237	TCGA.BP.5183.01A	5	1
1238	TCGA.BP.5184.01A	5	1
1239	TCGA.BP.5185.01A	5	1
1240	TCGA.BP.5186.01A	5	1
1241	TCGA.BP.5187.01A	5	1
1242	TCGA.BP.5189.01A	5	1
1243	TCGA.BP.5190.01A	5	1
1244	TCGA.BP.5191.01A	5	4
1245	TCGA.BP.5192.01A	5	1
1246	TCGA.BP.5194.01A	5	1
1247	TCGA.BP.5195.01A	5	1
1248	TCGA.BP.5196.01A	5	4
1249	TCGA.BP.5198.01A	5	4
1250	TCGA.BP.5199.01A	5	4
1251	TCGA.BP.5200.01A	5	1
1252	TCGA.BP.5201.01A	5	1
1253	TCGA.BP.5202.01A	5	1
1254	TCGA.CJ.4869.01A	5	4
1255	TCGA.CJ.4882.01A	5	4
1256	TCGA.CJ.4897.01A	5	1
1257	TCGA.CJ.4901.01A	5	4
1258	TCGA.CJ.4902.01A	5	4
1259	TCGA.CJ.4903.01A	5	1
1260	TCGA.CJ.4904.01A	5	1
1261	TCGA.CJ.4905.01A	5	3
1262	TCGA.CJ.4907.01A	5	1
1263	TCGA.CJ.4908.01A	5	1
1264	TCGA.CJ.4912.01A	5	1
1265	TCGA.CJ.4916.01A	5	1
1266	TCGA.CJ.4918.01A	5	4
1267	TCGA.CJ.4920.01A	5	1
1268	TCGA.CJ.4923.01A	5	4
1269	TCGA.CJ.5671.01A	5	4
1270	TCGA.CJ.5672.01A	5	1
1271	TCGA.CJ.5675.01A	5	3
1272	TCGA.CJ.5676.01A	5	3
1273	TCGA.CJ.5677.01A	5	3
1274	TCGA.CJ.5678.01A	5	1
1275	TCGA.CJ.5679.01A	5	1
1276	TCGA.CJ.5680.01A	5	1
1277	TCGA.CJ.5681.01A	5	4
1278	TCGA.CJ.5682.01A	5	1
1279	TCGA.CJ.5683.01A	5	3
1280	TCGA.CJ.5684.01A	5	3
1281	TCGA.CJ.5686.01A	5	3
1282	TCGA.CJ.5689.01A	5	3
1283	TCGA.CJ.6027.01A	5	4
1284	TCGA.CJ.6028.01A	5	4
1285	TCGA.CJ.6030.01A	5	4
1286	TCGA.CJ.6031.01A	5	3
1287	TCGA.CJ.6032.01A	5	3
1288	TCGA.CJ.6033.01A	5	3
1289	TCGA.CW.5580.01A	5	3
1290	TCGA.CW.5581.01A	5	1
1291	TCGA.CW.5583.01A	5	1
1292	TCGA.CW.5584.01A	5	1
1293	TCGA.CW.5585.01A	5	1
1294	TCGA.CW.5587.01A	5	1
1295	TCGA.CW.5588.01A	5	3
1296	TCGA.CW.5589.01A	5	3
1297	TCGA.CW.5590.01A	5	3
1298	TCGA.CW.5591.01A	5	1
1299	TCGA.CW.6087.01A	5	4
1300	TCGA.CW.6088.01A	5	3
1301	TCGA.CW.6090.01A	5	1
1302	TCGA.CW.6093.01A	5	3
1303	TCGA.CW.6097.01A	5	4
1304	TCGA.CZ.4853.01A	5	1
1305	TCGA.CZ.4856.01A	5	1
1306	TCGA.CZ.4859.01A	5	1
1307	TCGA.CZ.4863.01A	5	3
1308	TCGA.CZ.4863.11A	5	2
1309	TCGA.CZ.4864.01A	5	3
1310	TCGA.CZ.4864.11A	5	2
1311	TCGA.CZ.4865.01A	5	3
1312	TCGA.CZ.4865.11A	5	2
1313	TCGA.CZ.4866.01A	5	1
1314	TCGA.CZ.5451.01A	5	3
1315	TCGA.CZ.5451.11A	5	2
1316	TCGA.CZ.5452.01A	5	3
1317	TCGA.CZ.5452.11A	5	2
1318	TCGA.CZ.5453.01A	5	3
1319	TCGA.CZ.5453.11A	5	2
1320	TCGA.CZ.5454.01A	5	1
1321	TCGA.CZ.5454.11A	5	2
1322	TCGA.CZ.5455.01A	5	3
1323	TCGA.CZ.5455.11A	5	2
1324	TCGA.CZ.5456.01A	5	4
1325	TCGA.CZ.5456.11A	5	2
1326	TCGA.CZ.5457.01A	5	3
1327	TCGA.CZ.5457.11A	5	2
1328	TCGA.CZ.5458.01A	5	1
1329	TCGA.CZ.5458.11A	5	2
1330	TCGA.CZ.5459.01A	5	3
1331	TCGA.CZ.5460.01A	5	3
1332	TCGA.CZ.5461.01A	5	3
1333	TCGA.CZ.5461.11A	5	2
1334	TCGA.CZ.5462.01A	5	3
1335	TCGA.CZ.5462.11A	5	2
1336	TCGA.CZ.5463.01A	5	3
1337	TCGA.CZ.5463.11A	5	2
1338	TCGA.CZ.5464.01A	5	3
1339	TCGA.CZ.5465.01A	5	3
1340	TCGA.CZ.5465.11A	5	2
1341	TCGA.CZ.5466.01A	5	4
1342	TCGA.CZ.5466.11A	5	2
1343	TCGA.CZ.5467.01A	5	3
1344	TCGA.CZ.5467.11A	5	2
1345	TCGA.CZ.5468.01A	5	4
1346	TCGA.CZ.5468.11A	5	2
1347	TCGA.CZ.5469.01A	5	4
1348	TCGA.CZ.5469.11A	5	2
1349	TCGA.CZ.5470.01A	5	3
1350	TCGA.CZ.5470.11A	5	2
1351	TCGA.CZ.5982.01A	5	3
1352	TCGA.CZ.5984.01A	5	4
1353	TCGA.CZ.5985.01A	5	4
1354	TCGA.CZ.5986.01A	5	3
1355	TCGA.CZ.5987.01A	5	1
1356	TCGA.CZ.5988.01A	5	3
1357	TCGA.CZ.5989.01A	5	3
1358	TCGA.DV.5565.01A	5	1
1359	TCGA.DV.5566.01A	5	1
1360	TCGA.DV.5567.01A	5	2
1361	TCGA.DV.5568.01A	5	1
1362	TCGA.DV.5569.01A	5	3
1363	TCGA.DV.5573.01A	5	3
1364	TCGA.DV.5574.01A	5	3
1365	TCGA.DV.5575.01A	5	3
1366	TCGA.DV.5576.01A	5	2
1367	TCGA.DV.A4VX.01A	5	1
1368	TCGA.DV.A4VZ.01A	5	2
1369	TCGA.DV.A4W0.01A	5	1
1370	TCGA.DV.A4W0.05A	5	2
1371	TCGA.EU.5904.01A	5	1
1372	TCGA.EU.5905.01A	5	4
1373	TCGA.EU.5906.01A	5	1
1374	TCGA.EU.5907.01A	5	3
1375	TCGA.G6.A5PC.01A	5	1
1376	TCGA.G6.A8L6.01A	5	1
1377	TCGA.G6.A8L7.01A	5	4
1378	TCGA.G6.A8L8.01A	5	3
1379	TCGA.GK.A6C7.01A	5	3
1380	TCGA.MM.A563.01A	5	1
1381	TCGA.MM.A564.01A	5	1
1382	TCGA.MM.A84U.01A	5	1
1383	TCGA.MW.A4EC.01A	5	1
1384	TCGA.T7.A92I.01A	5	2
