	samples	K	cluster
1	TCGA.05.4384.01A	2	1
2	TCGA.05.4390.01A	2	1
3	TCGA.05.4396.01A	2	1
4	TCGA.05.4405.01A	2	1
5	TCGA.05.4410.01A	2	1
6	TCGA.05.4415.01A	2	1
7	TCGA.05.4417.01A	2	1
8	TCGA.05.4424.01A	2	1
9	TCGA.05.4425.01A	2	1
10	TCGA.05.4427.01A	2	2
11	TCGA.05.4433.01A	2	1
12	TCGA.05.5420.01A	2	1
13	TCGA.05.5423.01A	2	1
14	TCGA.05.5425.01A	2	1
15	TCGA.05.5428.01A	2	1
16	TCGA.05.5429.01A	2	1
17	TCGA.05.5715.01A	2	1
18	TCGA.35.5375.01A	2	1
19	TCGA.38.4631.01A	2	1
20	TCGA.38.4632.01A	2	1
21	TCGA.38.6178.01A	2	1
22	TCGA.38.7271.01A	2	1
23	TCGA.38.A44F.01A	2	2
24	TCGA.44.2655.11A	2	1
25	TCGA.44.2656.01A	2	2
26	TCGA.44.2665.01A	2	1
27	TCGA.44.2665.11A	2	1
28	TCGA.44.2666.01A	2	1
29	TCGA.44.2668.01A	2	1
30	TCGA.44.2668.11A	2	1
31	TCGA.44.3918.01A	2	2
32	TCGA.44.4112.01A	2	2
33	TCGA.44.5643.01A	2	1
34	TCGA.44.5644.01A	2	1
35	TCGA.44.5645.01A	2	1
36	TCGA.44.6144.11A	2	1
37	TCGA.44.6145.01A	2	1
38	TCGA.44.6146.01A	2	1
39	TCGA.44.6146.01B	2	1
40	TCGA.44.6147.01A	2	1
41	TCGA.44.6147.01B	2	1
42	TCGA.44.6148.01A	2	1
43	TCGA.44.6774.01A	2	1
44	TCGA.44.6775.01A	2	2
45	TCGA.44.6775.01C	2	1
46	TCGA.44.6776.01A	2	1
47	TCGA.44.6777.01A	2	2
48	TCGA.44.6778.01A	2	1
49	TCGA.44.6778.11A	2	1
50	TCGA.44.6779.01A	2	2
51	TCGA.44.7659.01A	2	1
52	TCGA.44.7660.01A	2	1
53	TCGA.44.7661.01A	2	1
54	TCGA.44.7662.01A	2	2
55	TCGA.44.7667.01A	2	1
56	TCGA.44.7669.01A	2	1
57	TCGA.44.7670.01A	2	1
58	TCGA.44.7671.01A	2	1
59	TCGA.44.7672.01A	2	2
60	TCGA.44.8117.01A	2	1
61	TCGA.44.8119.01A	2	1
62	TCGA.44.8120.01A	2	1
63	TCGA.44.A479.01A	2	2
64	TCGA.44.A47A.01A	2	1
65	TCGA.44.A47B.01A	2	2
66	TCGA.44.A47G.01A	2	2
67	TCGA.44.A4SS.01A	2	2
68	TCGA.44.A4SU.01A	2	1
69	TCGA.49.4487.01A	2	1
70	TCGA.49.4488.01A	2	1
71	TCGA.49.4490.01A	2	2
72	TCGA.49.4512.01A	2	1
73	TCGA.49.4514.01A	2	1
74	TCGA.49.6742.01A	2	1
75	TCGA.49.6743.01A	2	2
76	TCGA.49.6744.01A	2	2
77	TCGA.49.6745.01A	2	2
78	TCGA.49.6745.11A	2	1
79	TCGA.49.6761.01A	2	1
80	TCGA.49.6767.01A	2	1
81	TCGA.49.AAQV.01A	2	2
82	TCGA.49.AAR0.01A	2	1
83	TCGA.49.AAR2.01A	2	1
84	TCGA.49.AAR3.01A	2	1
85	TCGA.49.AAR4.01A	2	1
86	TCGA.49.AAR9.01A	2	2
87	TCGA.49.AARE.01A	2	1
88	TCGA.49.AARN.01A	2	1
89	TCGA.49.AARO.01A	2	1
90	TCGA.49.AARQ.01A	2	1
91	TCGA.49.AARR.01A	2	1
92	TCGA.4B.A93V.01A	2	1
93	TCGA.50.5044.01A	2	1
94	TCGA.50.5045.01A	2	1
95	TCGA.50.5049.01A	2	1
96	TCGA.50.5051.01A	2	1
97	TCGA.50.5055.01A	2	1
98	TCGA.50.5066.01A	2	1
99	TCGA.50.5066.02A	2	1
100	TCGA.50.5068.01A	2	1
101	TCGA.50.5072.01A	2	1
102	TCGA.50.5930.01A	2	1
103	TCGA.50.5930.11A	2	1
104	TCGA.50.5931.01A	2	1
105	TCGA.50.5932.01A	2	1
106	TCGA.50.5932.11A	2	1
107	TCGA.50.5933.01A	2	2
108	TCGA.50.5933.11A	2	1
109	TCGA.50.5935.01A	2	1
110	TCGA.50.5936.01A	2	2
111	TCGA.50.5939.01A	2	2
112	TCGA.50.5941.01A	2	1
113	TCGA.50.5942.01A	2	1
114	TCGA.50.5944.01A	2	1
115	TCGA.50.5946.01A	2	1
116	TCGA.50.5946.02A	2	1
117	TCGA.50.6590.01A	2	1
118	TCGA.50.6591.01A	2	1
119	TCGA.50.6592.01A	2	1
120	TCGA.50.6593.01A	2	2
121	TCGA.50.6594.01A	2	1
122	TCGA.50.6595.01A	2	2
123	TCGA.50.6597.01A	2	1
124	TCGA.50.6673.01A	2	1
125	TCGA.50.7109.01A	2	2
126	TCGA.50.8457.01A	2	1
127	TCGA.50.8459.01A	2	2
128	TCGA.50.8460.01A	2	2
129	TCGA.53.7624.01A	2	1
130	TCGA.53.7626.01A	2	2
131	TCGA.53.7813.01A	2	1
132	TCGA.53.A4EZ.01A	2	1
133	TCGA.55.5899.01A	2	1
134	TCGA.55.6543.01A	2	1
135	TCGA.55.6642.01A	2	2
136	TCGA.55.6712.01A	2	2
137	TCGA.55.6968.01A	2	1
138	TCGA.55.6969.01A	2	1
139	TCGA.55.6970.01A	2	1
140	TCGA.55.6971.01A	2	1
141	TCGA.55.6972.01A	2	1
142	TCGA.55.6978.01A	2	1
143	TCGA.55.6979.01A	2	1
144	TCGA.55.6980.01A	2	1
145	TCGA.55.6981.01A	2	1
146	TCGA.55.6982.01A	2	1
147	TCGA.55.6983.01A	2	1
148	TCGA.55.6984.01A	2	1
149	TCGA.55.6985.01A	2	1
150	TCGA.55.6986.01A	2	1
151	TCGA.55.6987.01A	2	1
152	TCGA.55.7227.01A	2	2
153	TCGA.55.7281.01A	2	2
154	TCGA.55.7283.01A	2	1
155	TCGA.55.7284.01B	2	1
156	TCGA.55.7570.01A	2	1
157	TCGA.55.7573.01A	2	1
158	TCGA.55.7574.01A	2	1
159	TCGA.55.7576.01A	2	2
160	TCGA.55.7724.01A	2	1
161	TCGA.55.7725.01A	2	1
162	TCGA.55.7726.01A	2	1
163	TCGA.55.7727.01A	2	1
164	TCGA.55.7728.01A	2	2
165	TCGA.55.7815.01A	2	2
166	TCGA.55.7816.01A	2	1
167	TCGA.55.7903.01A	2	2
168	TCGA.55.7907.01A	2	1
169	TCGA.55.7910.01A	2	1
170	TCGA.55.7911.01A	2	2
171	TCGA.55.7913.01B	2	1
172	TCGA.55.7914.01A	2	1
173	TCGA.55.7994.01A	2	1
174	TCGA.55.7995.01A	2	1
175	TCGA.55.8085.01A	2	1
176	TCGA.55.8087.01A	2	1
177	TCGA.55.8089.01A	2	1
178	TCGA.55.8090.01A	2	1
179	TCGA.55.8091.01A	2	1
180	TCGA.55.8092.01A	2	1
181	TCGA.55.8094.01A	2	1
182	TCGA.55.8096.01A	2	1
183	TCGA.55.8097.01A	2	1
184	TCGA.55.8203.01A	2	1
185	TCGA.55.8204.01A	2	1
186	TCGA.55.8205.01A	2	1
187	TCGA.55.8206.01A	2	1
188	TCGA.55.8207.01A	2	1
189	TCGA.55.8208.01A	2	1
190	TCGA.55.8299.01A	2	1
191	TCGA.55.8301.01A	2	1
192	TCGA.55.8302.01A	2	2
193	TCGA.55.8505.01A	2	1
194	TCGA.55.8506.01A	2	2
195	TCGA.55.8507.01A	2	1
196	TCGA.55.8508.01A	2	1
197	TCGA.55.8510.01A	2	1
198	TCGA.55.8511.01A	2	1
199	TCGA.55.8512.01A	2	1
200	TCGA.55.8513.01A	2	1
201	TCGA.55.8514.01A	2	1
202	TCGA.55.8614.01A	2	2
203	TCGA.55.8615.01A	2	1
204	TCGA.55.8616.01A	2	1
205	TCGA.55.8619.01A	2	1
206	TCGA.55.8620.01A	2	1
207	TCGA.55.8621.01A	2	1
208	TCGA.55.A48X.01A	2	2
209	TCGA.55.A48Y.01A	2	2
210	TCGA.55.A48Z.01A	2	2
211	TCGA.55.A490.01A	2	2
212	TCGA.55.A491.01A	2	2
213	TCGA.55.A492.01A	2	1
214	TCGA.55.A493.01A	2	2
215	TCGA.55.A494.01A	2	2
216	TCGA.55.A4DF.01A	2	1
217	TCGA.55.A4DG.01A	2	2
218	TCGA.55.A57B.01A	2	1
219	TCGA.62.8394.01A	2	1
220	TCGA.62.8395.01A	2	1
221	TCGA.62.8397.01A	2	1
222	TCGA.62.8398.01A	2	2
223	TCGA.62.8399.01A	2	1
224	TCGA.62.8402.01A	2	1
225	TCGA.62.A46O.01A	2	2
226	TCGA.62.A46P.01A	2	1
227	TCGA.62.A46R.01A	2	2
228	TCGA.62.A46S.01A	2	2
229	TCGA.62.A46U.01A	2	2
230	TCGA.62.A46V.01A	2	2
231	TCGA.62.A46Y.01A	2	1
232	TCGA.62.A470.01A	2	1
233	TCGA.62.A471.01A	2	2
234	TCGA.62.A472.01A	2	2
235	TCGA.64.1679.01A	2	2
236	TCGA.64.1681.01A	2	1
237	TCGA.64.5774.01A	2	1
238	TCGA.64.5775.01A	2	1
239	TCGA.64.5778.01A	2	1
240	TCGA.64.5779.01A	2	1
241	TCGA.64.5781.01A	2	1
242	TCGA.64.5815.01A	2	2
243	TCGA.67.4679.01B	2	1
244	TCGA.67.6215.01A	2	1
245	TCGA.67.6216.01A	2	1
246	TCGA.67.6217.01A	2	1
247	TCGA.69.7760.01A	2	1
248	TCGA.69.7761.01A	2	1
249	TCGA.69.7763.01A	2	1
250	TCGA.69.7764.01A	2	2
251	TCGA.69.7765.01A	2	1
252	TCGA.69.7973.01A	2	1
253	TCGA.69.7974.01A	2	2
254	TCGA.69.7978.01A	2	2
255	TCGA.69.7979.01A	2	1
256	TCGA.69.7980.01A	2	1
257	TCGA.69.8253.01A	2	1
258	TCGA.69.8254.01A	2	1
259	TCGA.69.8255.01A	2	1
260	TCGA.69.8453.01A	2	1
261	TCGA.69.A59K.01A	2	2
262	TCGA.71.6725.01A	2	1
263	TCGA.71.8520.01A	2	1
264	TCGA.73.4658.01A	2	2
265	TCGA.73.4676.01A	2	2
266	TCGA.73.7498.01A	2	1
267	TCGA.73.7499.01A	2	2
268	TCGA.73.A9RS.01A	2	1
269	TCGA.75.5122.01A	2	1
270	TCGA.75.5125.01A	2	1
271	TCGA.75.5126.01A	2	1
272	TCGA.75.5146.01A	2	1
273	TCGA.75.5147.01A	2	1
274	TCGA.75.6203.01A	2	1
275	TCGA.75.6205.01A	2	1
276	TCGA.75.6206.01A	2	1
277	TCGA.75.6207.01A	2	1
278	TCGA.75.6211.01A	2	1
279	TCGA.75.6212.01A	2	1
280	TCGA.75.6214.01A	2	1
281	TCGA.75.7025.01A	2	1
282	TCGA.75.7027.01A	2	1
283	TCGA.75.7030.01A	2	1
284	TCGA.75.7031.01A	2	1
285	TCGA.78.7143.01A	2	1
286	TCGA.78.7145.01A	2	2
287	TCGA.78.7146.01A	2	2
288	TCGA.78.7147.01A	2	1
289	TCGA.78.7148.01A	2	2
290	TCGA.78.7149.01A	2	1
291	TCGA.78.7150.01A	2	2
292	TCGA.78.7152.01A	2	1
293	TCGA.78.7153.01A	2	1
294	TCGA.78.7154.01A	2	1
295	TCGA.78.7155.01A	2	1
296	TCGA.78.7156.01A	2	1
297	TCGA.78.7158.01A	2	1
298	TCGA.78.7159.01A	2	2
299	TCGA.78.7160.01A	2	1
300	TCGA.78.7161.01A	2	2
301	TCGA.78.7162.01A	2	1
302	TCGA.78.7163.01A	2	1
303	TCGA.78.7166.01A	2	2
304	TCGA.78.7167.01A	2	1
305	TCGA.78.7220.01A	2	2
306	TCGA.78.7535.01A	2	1
307	TCGA.78.7536.01A	2	1
308	TCGA.78.7537.01A	2	1
309	TCGA.78.7539.01A	2	2
310	TCGA.78.7540.01A	2	2
311	TCGA.78.7542.01A	2	1
312	TCGA.78.7633.01A	2	1
313	TCGA.78.8640.01A	2	1
314	TCGA.78.8648.01A	2	1
315	TCGA.78.8655.01A	2	2
316	TCGA.78.8660.01A	2	1
317	TCGA.78.8662.01A	2	1
318	TCGA.80.5607.01A	2	1
319	TCGA.80.5608.01A	2	1
320	TCGA.80.5611.01A	2	1
321	TCGA.83.5908.01A	2	1
322	TCGA.86.6562.01A	2	2
323	TCGA.86.6851.01A	2	1
324	TCGA.86.7701.01A	2	1
325	TCGA.86.7711.01A	2	2
326	TCGA.86.7713.01A	2	2
327	TCGA.86.7714.01A	2	1
328	TCGA.86.7953.01A	2	1
329	TCGA.86.7954.01A	2	1
330	TCGA.86.7955.01A	2	2
331	TCGA.86.8054.01A	2	1
332	TCGA.86.8055.01A	2	1
333	TCGA.86.8056.01A	2	1
334	TCGA.86.8073.01A	2	1
335	TCGA.86.8074.01A	2	1
336	TCGA.86.8075.01A	2	1
337	TCGA.86.8076.01A	2	1
338	TCGA.86.8278.01A	2	1
339	TCGA.86.8279.01A	2	1
340	TCGA.86.8280.01A	2	1
341	TCGA.86.8281.01A	2	1
342	TCGA.86.8358.01A	2	1
343	TCGA.86.8359.01A	2	2
344	TCGA.86.8585.01A	2	1
345	TCGA.86.8668.01A	2	1
346	TCGA.86.8669.01A	2	1
347	TCGA.86.8671.01A	2	1
348	TCGA.86.8672.01A	2	2
349	TCGA.86.8673.01A	2	1
350	TCGA.86.8674.01A	2	1
351	TCGA.86.A456.01A	2	2
352	TCGA.86.A4D0.01A	2	1
353	TCGA.86.A4JF.01A	2	1
354	TCGA.86.A4P7.01A	2	2
355	TCGA.86.A4P8.01A	2	1
356	TCGA.91.6828.01A	2	1
357	TCGA.91.6829.01A	2	1
358	TCGA.91.6830.01A	2	1
359	TCGA.91.6831.01A	2	1
360	TCGA.91.6835.01A	2	2
361	TCGA.91.6836.01A	2	1
362	TCGA.91.6840.01A	2	1
363	TCGA.91.6847.01A	2	1
364	TCGA.91.6848.01A	2	1
365	TCGA.91.6849.01A	2	1
366	TCGA.91.7771.01A	2	1
367	TCGA.91.8496.01A	2	1
368	TCGA.91.8497.01A	2	1
369	TCGA.91.8499.01A	2	1
370	TCGA.91.A4BC.01A	2	2
371	TCGA.91.A4BD.01A	2	2
372	TCGA.93.7347.01A	2	1
373	TCGA.93.7348.01A	2	1
374	TCGA.93.8067.01A	2	1
375	TCGA.93.A4JN.01A	2	2
376	TCGA.93.A4JO.01A	2	2
377	TCGA.93.A4JP.01A	2	1
378	TCGA.93.A4JQ.01A	2	2
379	TCGA.95.7039.01A	2	1
380	TCGA.95.7043.01A	2	1
381	TCGA.95.7562.01A	2	1
382	TCGA.95.7567.01A	2	2
383	TCGA.95.7944.01A	2	1
384	TCGA.95.7947.01A	2	1
385	TCGA.95.7948.01A	2	1
386	TCGA.95.8039.01A	2	2
387	TCGA.95.8494.01A	2	2
388	TCGA.95.A4VK.01A	2	2
389	TCGA.95.A4VN.01A	2	2
390	TCGA.95.A4VP.01A	2	1
391	TCGA.97.7546.01A	2	1
392	TCGA.97.7547.01A	2	1
393	TCGA.97.7552.01A	2	1
394	TCGA.97.7553.01A	2	1
395	TCGA.97.7554.01A	2	2
396	TCGA.97.7937.01A	2	1
397	TCGA.97.7938.01A	2	1
398	TCGA.97.7941.01A	2	1
399	TCGA.97.8171.01A	2	1
400	TCGA.97.8172.01A	2	1
401	TCGA.97.8174.01A	2	1
402	TCGA.97.8175.01A	2	1
403	TCGA.97.8176.01A	2	1
404	TCGA.97.8177.01A	2	1
405	TCGA.97.8179.01A	2	1
406	TCGA.97.8547.01A	2	2
407	TCGA.97.8552.01A	2	1
408	TCGA.97.A4LX.01A	2	2
409	TCGA.97.A4M0.01A	2	2
410	TCGA.97.A4M1.01A	2	1
411	TCGA.97.A4M2.01A	2	1
412	TCGA.97.A4M3.01A	2	2
413	TCGA.97.A4M5.01A	2	2
414	TCGA.97.A4M6.01A	2	2
415	TCGA.97.A4M7.01A	2	1
416	TCGA.99.7458.01A	2	1
417	TCGA.99.8025.01A	2	2
418	TCGA.99.8028.01A	2	1
419	TCGA.99.8032.01A	2	1
420	TCGA.99.8033.01A	2	1
421	TCGA.99.AA5R.01A	2	1
422	TCGA.J2.8192.01A	2	1
423	TCGA.J2.8194.01A	2	1
424	TCGA.J2.A4AD.01A	2	1
425	TCGA.J2.A4AE.01A	2	1
426	TCGA.J2.A4AG.01A	2	2
427	TCGA.L4.A4E5.01A	2	2
428	TCGA.L4.A4E6.01A	2	1
429	TCGA.L9.A443.01A	2	2
430	TCGA.L9.A444.01A	2	2
431	TCGA.L9.A50W.01A	2	1
432	TCGA.L9.A5IP.01A	2	2
433	TCGA.L9.A743.01A	2	2
434	TCGA.L9.A7SV.01A	2	2
435	TCGA.L9.A8F4.01A	2	2
436	TCGA.MN.A4N1.01A	2	1
437	TCGA.MN.A4N4.01A	2	2
438	TCGA.MN.A4N5.01A	2	2
439	TCGA.MP.A4SV.01A	2	2
440	TCGA.MP.A4SW.01A	2	2
441	TCGA.MP.A4SY.01A	2	2
442	TCGA.MP.A4T4.01A	2	2
443	TCGA.MP.A4T6.01A	2	1
444	TCGA.MP.A4T7.01A	2	1
445	TCGA.MP.A4T8.01A	2	2
446	TCGA.MP.A4T9.01A	2	1
447	TCGA.MP.A4TA.01A	2	1
448	TCGA.MP.A4TC.01A	2	2
449	TCGA.MP.A4TD.01A	2	2
450	TCGA.MP.A4TE.01A	2	2
451	TCGA.MP.A4TF.01A	2	2
452	TCGA.MP.A4TH.01A	2	1
453	TCGA.MP.A4TI.01A	2	2
454	TCGA.MP.A4TJ.01A	2	1
455	TCGA.MP.A4TK.01A	2	1
456	TCGA.MP.A5C7.01A	2	1
457	TCGA.NJ.A4YF.01A	2	2
458	TCGA.NJ.A4YG.01A	2	2
459	TCGA.NJ.A4YI.01A	2	2
460	TCGA.NJ.A4YP.01A	2	2
461	TCGA.NJ.A4YQ.01A	2	1
462	TCGA.NJ.A55A.01A	2	1
463	TCGA.NJ.A55O.01A	2	1
464	TCGA.NJ.A55R.01A	2	1
465	TCGA.NJ.A7XG.01A	2	2
466	TCGA.O1.A52J.01A	2	2
467	TCGA.S2.AA1A.01A	2	1
468	TCGA.05.4384.01A	3	3
469	TCGA.05.4390.01A	3	1
470	TCGA.05.4396.01A	3	3
471	TCGA.05.4405.01A	3	1
472	TCGA.05.4410.01A	3	1
473	TCGA.05.4415.01A	3	1
474	TCGA.05.4417.01A	3	3
475	TCGA.05.4424.01A	3	1
476	TCGA.05.4425.01A	3	1
477	TCGA.05.4427.01A	3	2
478	TCGA.05.4433.01A	3	1
479	TCGA.05.5420.01A	3	1
480	TCGA.05.5423.01A	3	3
481	TCGA.05.5425.01A	3	1
482	TCGA.05.5428.01A	3	1
483	TCGA.05.5429.01A	3	1
484	TCGA.05.5715.01A	3	1
485	TCGA.35.5375.01A	3	1
486	TCGA.38.4631.01A	3	1
487	TCGA.38.4632.01A	3	1
488	TCGA.38.6178.01A	3	1
489	TCGA.38.7271.01A	3	1
490	TCGA.38.A44F.01A	3	2
491	TCGA.44.2655.11A	3	1
492	TCGA.44.2656.01A	3	2
493	TCGA.44.2665.01A	3	1
494	TCGA.44.2665.11A	3	3
495	TCGA.44.2666.01A	3	1
496	TCGA.44.2668.01A	3	1
497	TCGA.44.2668.11A	3	3
498	TCGA.44.3918.01A	3	2
499	TCGA.44.4112.01A	3	2
500	TCGA.44.5643.01A	3	1
501	TCGA.44.5644.01A	3	1
502	TCGA.44.5645.01A	3	3
503	TCGA.44.6144.11A	3	3
504	TCGA.44.6145.01A	3	1
505	TCGA.44.6146.01A	3	1
506	TCGA.44.6146.01B	3	1
507	TCGA.44.6147.01A	3	1
508	TCGA.44.6147.01B	3	1
509	TCGA.44.6148.01A	3	1
510	TCGA.44.6774.01A	3	1
511	TCGA.44.6775.01A	3	1
512	TCGA.44.6775.01C	3	1
513	TCGA.44.6776.01A	3	3
514	TCGA.44.6777.01A	3	2
515	TCGA.44.6778.01A	3	1
516	TCGA.44.6778.11A	3	3
517	TCGA.44.6779.01A	3	2
518	TCGA.44.7659.01A	3	3
519	TCGA.44.7660.01A	3	1
520	TCGA.44.7661.01A	3	1
521	TCGA.44.7662.01A	3	2
522	TCGA.44.7667.01A	3	1
523	TCGA.44.7669.01A	3	1
524	TCGA.44.7670.01A	3	1
525	TCGA.44.7671.01A	3	3
526	TCGA.44.7672.01A	3	2
527	TCGA.44.8117.01A	3	1
528	TCGA.44.8119.01A	3	1
529	TCGA.44.8120.01A	3	1
530	TCGA.44.A479.01A	3	2
531	TCGA.44.A47A.01A	3	1
532	TCGA.44.A47B.01A	3	2
533	TCGA.44.A47G.01A	3	2
534	TCGA.44.A4SS.01A	3	2
535	TCGA.44.A4SU.01A	3	1
536	TCGA.49.4487.01A	3	1
537	TCGA.49.4488.01A	3	1
538	TCGA.49.4490.01A	3	2
539	TCGA.49.4512.01A	3	1
540	TCGA.49.4514.01A	3	1
541	TCGA.49.6742.01A	3	1
542	TCGA.49.6743.01A	3	2
543	TCGA.49.6744.01A	3	2
544	TCGA.49.6745.01A	3	2
545	TCGA.49.6745.11A	3	3
546	TCGA.49.6761.01A	3	1
547	TCGA.49.6767.01A	3	1
548	TCGA.49.AAQV.01A	3	2
549	TCGA.49.AAR0.01A	3	1
550	TCGA.49.AAR2.01A	3	1
551	TCGA.49.AAR3.01A	3	1
552	TCGA.49.AAR4.01A	3	1
553	TCGA.49.AAR9.01A	3	2
554	TCGA.49.AARE.01A	3	1
555	TCGA.49.AARN.01A	3	1
556	TCGA.49.AARO.01A	3	1
557	TCGA.49.AARQ.01A	3	1
558	TCGA.49.AARR.01A	3	1
559	TCGA.4B.A93V.01A	3	1
560	TCGA.50.5044.01A	3	1
561	TCGA.50.5045.01A	3	1
562	TCGA.50.5049.01A	3	1
563	TCGA.50.5051.01A	3	3
564	TCGA.50.5055.01A	3	1
565	TCGA.50.5066.01A	3	1
566	TCGA.50.5066.02A	3	1
567	TCGA.50.5068.01A	3	1
568	TCGA.50.5072.01A	3	1
569	TCGA.50.5930.01A	3	1
570	TCGA.50.5930.11A	3	3
571	TCGA.50.5931.01A	3	1
572	TCGA.50.5932.01A	3	3
573	TCGA.50.5932.11A	3	3
574	TCGA.50.5933.01A	3	2
575	TCGA.50.5933.11A	3	3
576	TCGA.50.5935.01A	3	3
577	TCGA.50.5936.01A	3	2
578	TCGA.50.5939.01A	3	2
579	TCGA.50.5941.01A	3	1
580	TCGA.50.5942.01A	3	3
581	TCGA.50.5944.01A	3	1
582	TCGA.50.5946.01A	3	1
583	TCGA.50.5946.02A	3	1
584	TCGA.50.6590.01A	3	1
585	TCGA.50.6591.01A	3	1
586	TCGA.50.6592.01A	3	1
587	TCGA.50.6593.01A	3	2
588	TCGA.50.6594.01A	3	1
589	TCGA.50.6595.01A	3	1
590	TCGA.50.6597.01A	3	1
591	TCGA.50.6673.01A	3	1
592	TCGA.50.7109.01A	3	2
593	TCGA.50.8457.01A	3	1
594	TCGA.50.8459.01A	3	2
595	TCGA.50.8460.01A	3	3
596	TCGA.53.7624.01A	3	1
597	TCGA.53.7626.01A	3	2
598	TCGA.53.7813.01A	3	1
599	TCGA.53.A4EZ.01A	3	1
600	TCGA.55.5899.01A	3	1
601	TCGA.55.6543.01A	3	1
602	TCGA.55.6642.01A	3	2
603	TCGA.55.6712.01A	3	2
604	TCGA.55.6968.01A	3	1
605	TCGA.55.6969.01A	3	1
606	TCGA.55.6970.01A	3	1
607	TCGA.55.6971.01A	3	1
608	TCGA.55.6972.01A	3	3
609	TCGA.55.6978.01A	3	1
610	TCGA.55.6979.01A	3	1
611	TCGA.55.6980.01A	3	1
612	TCGA.55.6981.01A	3	1
613	TCGA.55.6982.01A	3	1
614	TCGA.55.6983.01A	3	1
615	TCGA.55.6984.01A	3	1
616	TCGA.55.6985.01A	3	1
617	TCGA.55.6986.01A	3	1
618	TCGA.55.6987.01A	3	1
619	TCGA.55.7227.01A	3	2
620	TCGA.55.7281.01A	3	2
621	TCGA.55.7283.01A	3	3
622	TCGA.55.7284.01B	3	1
623	TCGA.55.7570.01A	3	1
624	TCGA.55.7573.01A	3	3
625	TCGA.55.7574.01A	3	3
626	TCGA.55.7576.01A	3	2
627	TCGA.55.7724.01A	3	1
628	TCGA.55.7725.01A	3	3
629	TCGA.55.7726.01A	3	1
630	TCGA.55.7727.01A	3	1
631	TCGA.55.7728.01A	3	2
632	TCGA.55.7815.01A	3	2
633	TCGA.55.7816.01A	3	1
634	TCGA.55.7903.01A	3	2
635	TCGA.55.7907.01A	3	1
636	TCGA.55.7910.01A	3	3
637	TCGA.55.7911.01A	3	2
638	TCGA.55.7913.01B	3	1
639	TCGA.55.7914.01A	3	1
640	TCGA.55.7994.01A	3	1
641	TCGA.55.7995.01A	3	1
642	TCGA.55.8085.01A	3	1
643	TCGA.55.8087.01A	3	1
644	TCGA.55.8089.01A	3	1
645	TCGA.55.8090.01A	3	1
646	TCGA.55.8091.01A	3	1
647	TCGA.55.8092.01A	3	1
648	TCGA.55.8094.01A	3	1
649	TCGA.55.8096.01A	3	1
650	TCGA.55.8097.01A	3	3
651	TCGA.55.8203.01A	3	1
652	TCGA.55.8204.01A	3	1
653	TCGA.55.8205.01A	3	1
654	TCGA.55.8206.01A	3	1
655	TCGA.55.8207.01A	3	1
656	TCGA.55.8208.01A	3	1
657	TCGA.55.8299.01A	3	1
658	TCGA.55.8301.01A	3	1
659	TCGA.55.8302.01A	3	2
660	TCGA.55.8505.01A	3	1
661	TCGA.55.8506.01A	3	2
662	TCGA.55.8507.01A	3	1
663	TCGA.55.8508.01A	3	1
664	TCGA.55.8510.01A	3	1
665	TCGA.55.8511.01A	3	1
666	TCGA.55.8512.01A	3	3
667	TCGA.55.8513.01A	3	1
668	TCGA.55.8514.01A	3	1
669	TCGA.55.8614.01A	3	2
670	TCGA.55.8615.01A	3	1
671	TCGA.55.8616.01A	3	1
672	TCGA.55.8619.01A	3	1
673	TCGA.55.8620.01A	3	1
674	TCGA.55.8621.01A	3	1
675	TCGA.55.A48X.01A	3	2
676	TCGA.55.A48Y.01A	3	2
677	TCGA.55.A48Z.01A	3	2
678	TCGA.55.A490.01A	3	2
679	TCGA.55.A491.01A	3	2
680	TCGA.55.A492.01A	3	3
681	TCGA.55.A493.01A	3	2
682	TCGA.55.A494.01A	3	2
683	TCGA.55.A4DF.01A	3	1
684	TCGA.55.A4DG.01A	3	2
685	TCGA.55.A57B.01A	3	1
686	TCGA.62.8394.01A	3	1
687	TCGA.62.8395.01A	3	1
688	TCGA.62.8397.01A	3	3
689	TCGA.62.8398.01A	3	2
690	TCGA.62.8399.01A	3	1
691	TCGA.62.8402.01A	3	1
692	TCGA.62.A46O.01A	3	2
693	TCGA.62.A46P.01A	3	3
694	TCGA.62.A46R.01A	3	2
695	TCGA.62.A46S.01A	3	2
696	TCGA.62.A46U.01A	3	2
697	TCGA.62.A46V.01A	3	2
698	TCGA.62.A46Y.01A	3	3
699	TCGA.62.A470.01A	3	1
700	TCGA.62.A471.01A	3	2
701	TCGA.62.A472.01A	3	2
702	TCGA.64.1679.01A	3	2
703	TCGA.64.1681.01A	3	1
704	TCGA.64.5774.01A	3	1
705	TCGA.64.5775.01A	3	1
706	TCGA.64.5778.01A	3	1
707	TCGA.64.5779.01A	3	1
708	TCGA.64.5781.01A	3	1
709	TCGA.64.5815.01A	3	2
710	TCGA.67.4679.01B	3	3
711	TCGA.67.6215.01A	3	3
712	TCGA.67.6216.01A	3	3
713	TCGA.67.6217.01A	3	3
714	TCGA.69.7760.01A	3	1
715	TCGA.69.7761.01A	3	1
716	TCGA.69.7763.01A	3	3
717	TCGA.69.7764.01A	3	3
718	TCGA.69.7765.01A	3	1
719	TCGA.69.7973.01A	3	1
720	TCGA.69.7974.01A	3	2
721	TCGA.69.7978.01A	3	2
722	TCGA.69.7979.01A	3	1
723	TCGA.69.7980.01A	3	1
724	TCGA.69.8253.01A	3	3
725	TCGA.69.8254.01A	3	1
726	TCGA.69.8255.01A	3	1
727	TCGA.69.8453.01A	3	3
728	TCGA.69.A59K.01A	3	2
729	TCGA.71.6725.01A	3	1
730	TCGA.71.8520.01A	3	1
731	TCGA.73.4658.01A	3	2
732	TCGA.73.4676.01A	3	2
733	TCGA.73.7498.01A	3	3
734	TCGA.73.7499.01A	3	1
735	TCGA.73.A9RS.01A	3	1
736	TCGA.75.5122.01A	3	1
737	TCGA.75.5125.01A	3	1
738	TCGA.75.5126.01A	3	1
739	TCGA.75.5146.01A	3	3
740	TCGA.75.5147.01A	3	1
741	TCGA.75.6203.01A	3	3
742	TCGA.75.6205.01A	3	1
743	TCGA.75.6206.01A	3	3
744	TCGA.75.6207.01A	3	1
745	TCGA.75.6211.01A	3	1
746	TCGA.75.6212.01A	3	3
747	TCGA.75.6214.01A	3	1
748	TCGA.75.7025.01A	3	1
749	TCGA.75.7027.01A	3	1
750	TCGA.75.7030.01A	3	1
751	TCGA.75.7031.01A	3	1
752	TCGA.78.7143.01A	3	1
753	TCGA.78.7145.01A	3	2
754	TCGA.78.7146.01A	3	2
755	TCGA.78.7147.01A	3	1
756	TCGA.78.7148.01A	3	2
757	TCGA.78.7149.01A	3	3
758	TCGA.78.7150.01A	3	2
759	TCGA.78.7152.01A	3	3
760	TCGA.78.7153.01A	3	3
761	TCGA.78.7154.01A	3	1
762	TCGA.78.7155.01A	3	1
763	TCGA.78.7156.01A	3	3
764	TCGA.78.7158.01A	3	1
765	TCGA.78.7159.01A	3	2
766	TCGA.78.7160.01A	3	1
767	TCGA.78.7161.01A	3	3
768	TCGA.78.7162.01A	3	3
769	TCGA.78.7163.01A	3	1
770	TCGA.78.7166.01A	3	2
771	TCGA.78.7167.01A	3	3
772	TCGA.78.7220.01A	3	2
773	TCGA.78.7535.01A	3	1
774	TCGA.78.7536.01A	3	1
775	TCGA.78.7537.01A	3	3
776	TCGA.78.7539.01A	3	2
777	TCGA.78.7540.01A	3	2
778	TCGA.78.7542.01A	3	1
779	TCGA.78.7633.01A	3	3
780	TCGA.78.8640.01A	3	1
781	TCGA.78.8648.01A	3	1
782	TCGA.78.8655.01A	3	2
783	TCGA.78.8660.01A	3	1
784	TCGA.78.8662.01A	3	1
785	TCGA.80.5607.01A	3	1
786	TCGA.80.5608.01A	3	3
787	TCGA.80.5611.01A	3	1
788	TCGA.83.5908.01A	3	1
789	TCGA.86.6562.01A	3	1
790	TCGA.86.6851.01A	3	1
791	TCGA.86.7701.01A	3	1
792	TCGA.86.7711.01A	3	2
793	TCGA.86.7713.01A	3	2
794	TCGA.86.7714.01A	3	3
795	TCGA.86.7953.01A	3	1
796	TCGA.86.7954.01A	3	1
797	TCGA.86.7955.01A	3	1
798	TCGA.86.8054.01A	3	1
799	TCGA.86.8055.01A	3	1
800	TCGA.86.8056.01A	3	1
801	TCGA.86.8073.01A	3	1
802	TCGA.86.8074.01A	3	1
803	TCGA.86.8075.01A	3	1
804	TCGA.86.8076.01A	3	1
805	TCGA.86.8278.01A	3	1
806	TCGA.86.8279.01A	3	1
807	TCGA.86.8280.01A	3	1
808	TCGA.86.8281.01A	3	3
809	TCGA.86.8358.01A	3	1
810	TCGA.86.8359.01A	3	2
811	TCGA.86.8585.01A	3	1
812	TCGA.86.8668.01A	3	1
813	TCGA.86.8669.01A	3	1
814	TCGA.86.8671.01A	3	1
815	TCGA.86.8672.01A	3	2
816	TCGA.86.8673.01A	3	1
817	TCGA.86.8674.01A	3	3
818	TCGA.86.A456.01A	3	2
819	TCGA.86.A4D0.01A	3	1
820	TCGA.86.A4JF.01A	3	1
821	TCGA.86.A4P7.01A	3	1
822	TCGA.86.A4P8.01A	3	1
823	TCGA.91.6828.01A	3	1
824	TCGA.91.6829.01A	3	1
825	TCGA.91.6830.01A	3	1
826	TCGA.91.6831.01A	3	1
827	TCGA.91.6835.01A	3	2
828	TCGA.91.6836.01A	3	1
829	TCGA.91.6840.01A	3	1
830	TCGA.91.6847.01A	3	1
831	TCGA.91.6848.01A	3	1
832	TCGA.91.6849.01A	3	3
833	TCGA.91.7771.01A	3	3
834	TCGA.91.8496.01A	3	3
835	TCGA.91.8497.01A	3	3
836	TCGA.91.8499.01A	3	1
837	TCGA.91.A4BC.01A	3	2
838	TCGA.91.A4BD.01A	3	3
839	TCGA.93.7347.01A	3	3
840	TCGA.93.7348.01A	3	1
841	TCGA.93.8067.01A	3	1
842	TCGA.93.A4JN.01A	3	2
843	TCGA.93.A4JO.01A	3	2
844	TCGA.93.A4JP.01A	3	1
845	TCGA.93.A4JQ.01A	3	2
846	TCGA.95.7039.01A	3	1
847	TCGA.95.7043.01A	3	1
848	TCGA.95.7562.01A	3	1
849	TCGA.95.7567.01A	3	2
850	TCGA.95.7944.01A	3	1
851	TCGA.95.7947.01A	3	1
852	TCGA.95.7948.01A	3	1
853	TCGA.95.8039.01A	3	2
854	TCGA.95.8494.01A	3	2
855	TCGA.95.A4VK.01A	3	2
856	TCGA.95.A4VN.01A	3	2
857	TCGA.95.A4VP.01A	3	3
858	TCGA.97.7546.01A	3	3
859	TCGA.97.7547.01A	3	1
860	TCGA.97.7552.01A	3	1
861	TCGA.97.7553.01A	3	3
862	TCGA.97.7554.01A	3	2
863	TCGA.97.7937.01A	3	1
864	TCGA.97.7938.01A	3	3
865	TCGA.97.7941.01A	3	1
866	TCGA.97.8171.01A	3	1
867	TCGA.97.8172.01A	3	1
868	TCGA.97.8174.01A	3	3
869	TCGA.97.8175.01A	3	1
870	TCGA.97.8176.01A	3	1
871	TCGA.97.8177.01A	3	1
872	TCGA.97.8179.01A	3	3
873	TCGA.97.8547.01A	3	2
874	TCGA.97.8552.01A	3	3
875	TCGA.97.A4LX.01A	3	2
876	TCGA.97.A4M0.01A	3	2
877	TCGA.97.A4M1.01A	3	1
878	TCGA.97.A4M2.01A	3	1
879	TCGA.97.A4M3.01A	3	3
880	TCGA.97.A4M5.01A	3	2
881	TCGA.97.A4M6.01A	3	2
882	TCGA.97.A4M7.01A	3	1
883	TCGA.99.7458.01A	3	1
884	TCGA.99.8025.01A	3	1
885	TCGA.99.8028.01A	3	1
886	TCGA.99.8032.01A	3	1
887	TCGA.99.8033.01A	3	1
888	TCGA.99.AA5R.01A	3	1
889	TCGA.J2.8192.01A	3	1
890	TCGA.J2.8194.01A	3	1
891	TCGA.J2.A4AD.01A	3	1
892	TCGA.J2.A4AE.01A	3	1
893	TCGA.J2.A4AG.01A	3	2
894	TCGA.L4.A4E5.01A	3	2
895	TCGA.L4.A4E6.01A	3	3
896	TCGA.L9.A443.01A	3	2
897	TCGA.L9.A444.01A	3	2
898	TCGA.L9.A50W.01A	3	1
899	TCGA.L9.A5IP.01A	3	1
900	TCGA.L9.A743.01A	3	2
901	TCGA.L9.A7SV.01A	3	2
902	TCGA.L9.A8F4.01A	3	2
903	TCGA.MN.A4N1.01A	3	1
904	TCGA.MN.A4N4.01A	3	2
905	TCGA.MN.A4N5.01A	3	2
906	TCGA.MP.A4SV.01A	3	2
907	TCGA.MP.A4SW.01A	3	2
908	TCGA.MP.A4SY.01A	3	2
909	TCGA.MP.A4T4.01A	3	2
910	TCGA.MP.A4T6.01A	3	1
911	TCGA.MP.A4T7.01A	3	1
912	TCGA.MP.A4T8.01A	3	2
913	TCGA.MP.A4T9.01A	3	1
914	TCGA.MP.A4TA.01A	3	1
915	TCGA.MP.A4TC.01A	3	2
916	TCGA.MP.A4TD.01A	3	2
917	TCGA.MP.A4TE.01A	3	2
918	TCGA.MP.A4TF.01A	3	2
919	TCGA.MP.A4TH.01A	3	3
920	TCGA.MP.A4TI.01A	3	2
921	TCGA.MP.A4TJ.01A	3	1
922	TCGA.MP.A4TK.01A	3	1
923	TCGA.MP.A5C7.01A	3	3
924	TCGA.NJ.A4YF.01A	3	1
925	TCGA.NJ.A4YG.01A	3	2
926	TCGA.NJ.A4YI.01A	3	2
927	TCGA.NJ.A4YP.01A	3	2
928	TCGA.NJ.A4YQ.01A	3	1
929	TCGA.NJ.A55A.01A	3	1
930	TCGA.NJ.A55O.01A	3	3
931	TCGA.NJ.A55R.01A	3	1
932	TCGA.NJ.A7XG.01A	3	2
933	TCGA.O1.A52J.01A	3	3
934	TCGA.S2.AA1A.01A	3	1
935	TCGA.05.4384.01A	4	4
936	TCGA.05.4390.01A	4	3
937	TCGA.05.4396.01A	4	3
938	TCGA.05.4405.01A	4	3
939	TCGA.05.4410.01A	4	3
940	TCGA.05.4415.01A	4	3
941	TCGA.05.4417.01A	4	4
942	TCGA.05.4424.01A	4	3
943	TCGA.05.4425.01A	4	3
944	TCGA.05.4427.01A	4	2
945	TCGA.05.4433.01A	4	3
946	TCGA.05.5420.01A	4	3
947	TCGA.05.5423.01A	4	4
948	TCGA.05.5425.01A	4	3
949	TCGA.05.5428.01A	4	3
950	TCGA.05.5429.01A	4	3
951	TCGA.05.5715.01A	4	3
952	TCGA.35.5375.01A	4	3
953	TCGA.38.4631.01A	4	3
954	TCGA.38.4632.01A	4	3
955	TCGA.38.6178.01A	4	3
956	TCGA.38.7271.01A	4	3
957	TCGA.38.A44F.01A	4	2
958	TCGA.44.2655.11A	4	4
959	TCGA.44.2656.01A	4	2
960	TCGA.44.2665.01A	4	3
961	TCGA.44.2665.11A	4	4
962	TCGA.44.2666.01A	4	4
963	TCGA.44.2668.01A	4	3
964	TCGA.44.2668.11A	4	4
965	TCGA.44.3918.01A	4	2
966	TCGA.44.4112.01A	4	2
967	TCGA.44.5643.01A	4	3
968	TCGA.44.5644.01A	4	3
969	TCGA.44.5645.01A	4	3
970	TCGA.44.6144.11A	4	4
971	TCGA.44.6145.01A	4	3
972	TCGA.44.6146.01A	4	3
973	TCGA.44.6146.01B	4	3
974	TCGA.44.6147.01A	4	3
975	TCGA.44.6147.01B	4	3
976	TCGA.44.6148.01A	4	3
977	TCGA.44.6774.01A	4	3
978	TCGA.44.6775.01A	4	3
979	TCGA.44.6775.01C	4	3
980	TCGA.44.6776.01A	4	1
981	TCGA.44.6777.01A	4	4
982	TCGA.44.6778.01A	4	3
983	TCGA.44.6778.11A	4	4
984	TCGA.44.6779.01A	4	2
985	TCGA.44.7659.01A	4	4
986	TCGA.44.7660.01A	4	3
987	TCGA.44.7661.01A	4	3
988	TCGA.44.7662.01A	4	2
989	TCGA.44.7667.01A	4	3
990	TCGA.44.7669.01A	4	3
991	TCGA.44.7670.01A	4	3
992	TCGA.44.7671.01A	4	1
993	TCGA.44.7672.01A	4	2
994	TCGA.44.8117.01A	4	3
995	TCGA.44.8119.01A	4	3
996	TCGA.44.8120.01A	4	3
997	TCGA.44.A479.01A	4	2
998	TCGA.44.A47A.01A	4	3
999	TCGA.44.A47B.01A	4	2
1000	TCGA.44.A47G.01A	4	2
1001	TCGA.44.A4SS.01A	4	2
1002	TCGA.44.A4SU.01A	4	3
1003	TCGA.49.4487.01A	4	3
1004	TCGA.49.4488.01A	4	3
1005	TCGA.49.4490.01A	4	2
1006	TCGA.49.4512.01A	4	3
1007	TCGA.49.4514.01A	4	3
1008	TCGA.49.6742.01A	4	3
1009	TCGA.49.6743.01A	4	2
1010	TCGA.49.6744.01A	4	2
1011	TCGA.49.6745.01A	4	2
1012	TCGA.49.6745.11A	4	4
1013	TCGA.49.6761.01A	4	3
1014	TCGA.49.6767.01A	4	3
1015	TCGA.49.AAQV.01A	4	2
1016	TCGA.49.AAR0.01A	4	3
1017	TCGA.49.AAR2.01A	4	3
1018	TCGA.49.AAR3.01A	4	3
1019	TCGA.49.AAR4.01A	4	3
1020	TCGA.49.AAR9.01A	4	2
1021	TCGA.49.AARE.01A	4	3
1022	TCGA.49.AARN.01A	4	3
1023	TCGA.49.AARO.01A	4	3
1024	TCGA.49.AARQ.01A	4	3
1025	TCGA.49.AARR.01A	4	3
1026	TCGA.4B.A93V.01A	4	3
1027	TCGA.50.5044.01A	4	3
1028	TCGA.50.5045.01A	4	3
1029	TCGA.50.5049.01A	4	3
1030	TCGA.50.5051.01A	4	1
1031	TCGA.50.5055.01A	4	3
1032	TCGA.50.5066.01A	4	3
1033	TCGA.50.5066.02A	4	3
1034	TCGA.50.5068.01A	4	3
1035	TCGA.50.5072.01A	4	3
1036	TCGA.50.5930.01A	4	3
1037	TCGA.50.5930.11A	4	4
1038	TCGA.50.5931.01A	4	3
1039	TCGA.50.5932.01A	4	1
1040	TCGA.50.5932.11A	4	4
1041	TCGA.50.5933.01A	4	2
1042	TCGA.50.5933.11A	4	4
1043	TCGA.50.5935.01A	4	4
1044	TCGA.50.5936.01A	4	2
1045	TCGA.50.5939.01A	4	2
1046	TCGA.50.5941.01A	4	3
1047	TCGA.50.5942.01A	4	4
1048	TCGA.50.5944.01A	4	3
1049	TCGA.50.5946.01A	4	3
1050	TCGA.50.5946.02A	4	3
1051	TCGA.50.6590.01A	4	3
1052	TCGA.50.6591.01A	4	3
1053	TCGA.50.6592.01A	4	3
1054	TCGA.50.6593.01A	4	2
1055	TCGA.50.6594.01A	4	3
1056	TCGA.50.6595.01A	4	3
1057	TCGA.50.6597.01A	4	3
1058	TCGA.50.6673.01A	4	3
1059	TCGA.50.7109.01A	4	2
1060	TCGA.50.8457.01A	4	3
1061	TCGA.50.8459.01A	4	2
1062	TCGA.50.8460.01A	4	1
1063	TCGA.53.7624.01A	4	3
1064	TCGA.53.7626.01A	4	2
1065	TCGA.53.7813.01A	4	3
1066	TCGA.53.A4EZ.01A	4	3
1067	TCGA.55.5899.01A	4	3
1068	TCGA.55.6543.01A	4	3
1069	TCGA.55.6642.01A	4	2
1070	TCGA.55.6712.01A	4	2
1071	TCGA.55.6968.01A	4	3
1072	TCGA.55.6969.01A	4	3
1073	TCGA.55.6970.01A	4	3
1074	TCGA.55.6971.01A	4	3
1075	TCGA.55.6972.01A	4	1
1076	TCGA.55.6978.01A	4	3
1077	TCGA.55.6979.01A	4	3
1078	TCGA.55.6980.01A	4	3
1079	TCGA.55.6981.01A	4	3
1080	TCGA.55.6982.01A	4	3
1081	TCGA.55.6983.01A	4	3
1082	TCGA.55.6984.01A	4	3
1083	TCGA.55.6985.01A	4	3
1084	TCGA.55.6986.01A	4	3
1085	TCGA.55.6987.01A	4	3
1086	TCGA.55.7227.01A	4	2
1087	TCGA.55.7281.01A	4	2
1088	TCGA.55.7283.01A	4	4
1089	TCGA.55.7284.01B	4	3
1090	TCGA.55.7570.01A	4	3
1091	TCGA.55.7573.01A	4	3
1092	TCGA.55.7574.01A	4	4
1093	TCGA.55.7576.01A	4	2
1094	TCGA.55.7724.01A	4	4
1095	TCGA.55.7725.01A	4	4
1096	TCGA.55.7726.01A	4	3
1097	TCGA.55.7727.01A	4	3
1098	TCGA.55.7728.01A	4	2
1099	TCGA.55.7815.01A	4	2
1100	TCGA.55.7816.01A	4	3
1101	TCGA.55.7903.01A	4	2
1102	TCGA.55.7907.01A	4	3
1103	TCGA.55.7910.01A	4	3
1104	TCGA.55.7911.01A	4	2
1105	TCGA.55.7913.01B	4	3
1106	TCGA.55.7914.01A	4	3
1107	TCGA.55.7994.01A	4	3
1108	TCGA.55.7995.01A	4	3
1109	TCGA.55.8085.01A	4	3
1110	TCGA.55.8087.01A	4	3
1111	TCGA.55.8089.01A	4	3
1112	TCGA.55.8090.01A	4	3
1113	TCGA.55.8091.01A	4	3
1114	TCGA.55.8092.01A	4	3
1115	TCGA.55.8094.01A	4	3
1116	TCGA.55.8096.01A	4	3
1117	TCGA.55.8097.01A	4	3
1118	TCGA.55.8203.01A	4	3
1119	TCGA.55.8204.01A	4	3
1120	TCGA.55.8205.01A	4	3
1121	TCGA.55.8206.01A	4	3
1122	TCGA.55.8207.01A	4	4
1123	TCGA.55.8208.01A	4	3
1124	TCGA.55.8299.01A	4	3
1125	TCGA.55.8301.01A	4	3
1126	TCGA.55.8302.01A	4	2
1127	TCGA.55.8505.01A	4	3
1128	TCGA.55.8506.01A	4	2
1129	TCGA.55.8507.01A	4	3
1130	TCGA.55.8508.01A	4	3
1131	TCGA.55.8510.01A	4	3
1132	TCGA.55.8511.01A	4	3
1133	TCGA.55.8512.01A	4	1
1134	TCGA.55.8513.01A	4	3
1135	TCGA.55.8514.01A	4	3
1136	TCGA.55.8614.01A	4	2
1137	TCGA.55.8615.01A	4	3
1138	TCGA.55.8616.01A	4	3
1139	TCGA.55.8619.01A	4	3
1140	TCGA.55.8620.01A	4	3
1141	TCGA.55.8621.01A	4	4
1142	TCGA.55.A48X.01A	4	2
1143	TCGA.55.A48Y.01A	4	2
1144	TCGA.55.A48Z.01A	4	2
1145	TCGA.55.A490.01A	4	2
1146	TCGA.55.A491.01A	4	2
1147	TCGA.55.A492.01A	4	1
1148	TCGA.55.A493.01A	4	2
1149	TCGA.55.A494.01A	4	2
1150	TCGA.55.A4DF.01A	4	3
1151	TCGA.55.A4DG.01A	4	2
1152	TCGA.55.A57B.01A	4	3
1153	TCGA.62.8394.01A	4	3
1154	TCGA.62.8395.01A	4	3
1155	TCGA.62.8397.01A	4	1
1156	TCGA.62.8398.01A	4	2
1157	TCGA.62.8399.01A	4	3
1158	TCGA.62.8402.01A	4	3
1159	TCGA.62.A46O.01A	4	2
1160	TCGA.62.A46P.01A	4	1
1161	TCGA.62.A46R.01A	4	2
1162	TCGA.62.A46S.01A	4	2
1163	TCGA.62.A46U.01A	4	2
1164	TCGA.62.A46V.01A	4	2
1165	TCGA.62.A46Y.01A	4	1
1166	TCGA.62.A470.01A	4	3
1167	TCGA.62.A471.01A	4	2
1168	TCGA.62.A472.01A	4	2
1169	TCGA.64.1679.01A	4	2
1170	TCGA.64.1681.01A	4	3
1171	TCGA.64.5774.01A	4	3
1172	TCGA.64.5775.01A	4	3
1173	TCGA.64.5778.01A	4	3
1174	TCGA.64.5779.01A	4	3
1175	TCGA.64.5781.01A	4	3
1176	TCGA.64.5815.01A	4	2
1177	TCGA.67.4679.01B	4	4
1178	TCGA.67.6215.01A	4	1
1179	TCGA.67.6216.01A	4	4
1180	TCGA.67.6217.01A	4	1
1181	TCGA.69.7760.01A	4	3
1182	TCGA.69.7761.01A	4	3
1183	TCGA.69.7763.01A	4	4
1184	TCGA.69.7764.01A	4	4
1185	TCGA.69.7765.01A	4	3
1186	TCGA.69.7973.01A	4	3
1187	TCGA.69.7974.01A	4	2
1188	TCGA.69.7978.01A	4	2
1189	TCGA.69.7979.01A	4	3
1190	TCGA.69.7980.01A	4	3
1191	TCGA.69.8253.01A	4	1
1192	TCGA.69.8254.01A	4	3
1193	TCGA.69.8255.01A	4	3
1194	TCGA.69.8453.01A	4	4
1195	TCGA.69.A59K.01A	4	2
1196	TCGA.71.6725.01A	4	3
1197	TCGA.71.8520.01A	4	3
1198	TCGA.73.4658.01A	4	2
1199	TCGA.73.4676.01A	4	2
1200	TCGA.73.7498.01A	4	1
1201	TCGA.73.7499.01A	4	3
1202	TCGA.73.A9RS.01A	4	3
1203	TCGA.75.5122.01A	4	3
1204	TCGA.75.5125.01A	4	3
1205	TCGA.75.5126.01A	4	3
1206	TCGA.75.5146.01A	4	1
1207	TCGA.75.5147.01A	4	3
1208	TCGA.75.6203.01A	4	4
1209	TCGA.75.6205.01A	4	3
1210	TCGA.75.6206.01A	4	1
1211	TCGA.75.6207.01A	4	3
1212	TCGA.75.6211.01A	4	3
1213	TCGA.75.6212.01A	4	3
1214	TCGA.75.6214.01A	4	3
1215	TCGA.75.7025.01A	4	3
1216	TCGA.75.7027.01A	4	3
1217	TCGA.75.7030.01A	4	3
1218	TCGA.75.7031.01A	4	3
1219	TCGA.78.7143.01A	4	3
1220	TCGA.78.7145.01A	4	2
1221	TCGA.78.7146.01A	4	2
1222	TCGA.78.7147.01A	4	3
1223	TCGA.78.7148.01A	4	2
1224	TCGA.78.7149.01A	4	1
1225	TCGA.78.7150.01A	4	2
1226	TCGA.78.7152.01A	4	4
1227	TCGA.78.7153.01A	4	4
1228	TCGA.78.7154.01A	4	3
1229	TCGA.78.7155.01A	4	3
1230	TCGA.78.7156.01A	4	3
1231	TCGA.78.7158.01A	4	3
1232	TCGA.78.7159.01A	4	2
1233	TCGA.78.7160.01A	4	3
1234	TCGA.78.7161.01A	4	1
1235	TCGA.78.7162.01A	4	4
1236	TCGA.78.7163.01A	4	3
1237	TCGA.78.7166.01A	4	2
1238	TCGA.78.7167.01A	4	1
1239	TCGA.78.7220.01A	4	2
1240	TCGA.78.7535.01A	4	3
1241	TCGA.78.7536.01A	4	3
1242	TCGA.78.7537.01A	4	1
1243	TCGA.78.7539.01A	4	2
1244	TCGA.78.7540.01A	4	2
1245	TCGA.78.7542.01A	4	3
1246	TCGA.78.7633.01A	4	1
1247	TCGA.78.8640.01A	4	3
1248	TCGA.78.8648.01A	4	3
1249	TCGA.78.8655.01A	4	2
1250	TCGA.78.8660.01A	4	3
1251	TCGA.78.8662.01A	4	3
1252	TCGA.80.5607.01A	4	3
1253	TCGA.80.5608.01A	4	1
1254	TCGA.80.5611.01A	4	3
1255	TCGA.83.5908.01A	4	3
1256	TCGA.86.6562.01A	4	3
1257	TCGA.86.6851.01A	4	3
1258	TCGA.86.7701.01A	4	3
1259	TCGA.86.7711.01A	4	2
1260	TCGA.86.7713.01A	4	2
1261	TCGA.86.7714.01A	4	4
1262	TCGA.86.7953.01A	4	3
1263	TCGA.86.7954.01A	4	3
1264	TCGA.86.7955.01A	4	3
1265	TCGA.86.8054.01A	4	3
1266	TCGA.86.8055.01A	4	3
1267	TCGA.86.8056.01A	4	3
1268	TCGA.86.8073.01A	4	3
1269	TCGA.86.8074.01A	4	3
1270	TCGA.86.8075.01A	4	3
1271	TCGA.86.8076.01A	4	3
1272	TCGA.86.8278.01A	4	3
1273	TCGA.86.8279.01A	4	3
1274	TCGA.86.8280.01A	4	3
1275	TCGA.86.8281.01A	4	1
1276	TCGA.86.8358.01A	4	3
1277	TCGA.86.8359.01A	4	2
1278	TCGA.86.8585.01A	4	3
1279	TCGA.86.8668.01A	4	3
1280	TCGA.86.8669.01A	4	3
1281	TCGA.86.8671.01A	4	3
1282	TCGA.86.8672.01A	4	2
1283	TCGA.86.8673.01A	4	3
1284	TCGA.86.8674.01A	4	1
1285	TCGA.86.A456.01A	4	2
1286	TCGA.86.A4D0.01A	4	3
1287	TCGA.86.A4JF.01A	4	3
1288	TCGA.86.A4P7.01A	4	3
1289	TCGA.86.A4P8.01A	4	3
1290	TCGA.91.6828.01A	4	3
1291	TCGA.91.6829.01A	4	3
1292	TCGA.91.6830.01A	4	3
1293	TCGA.91.6831.01A	4	3
1294	TCGA.91.6835.01A	4	2
1295	TCGA.91.6836.01A	4	3
1296	TCGA.91.6840.01A	4	3
1297	TCGA.91.6847.01A	4	3
1298	TCGA.91.6848.01A	4	3
1299	TCGA.91.6849.01A	4	1
1300	TCGA.91.7771.01A	4	4
1301	TCGA.91.8496.01A	4	4
1302	TCGA.91.8497.01A	4	3
1303	TCGA.91.8499.01A	4	3
1304	TCGA.91.A4BC.01A	4	2
1305	TCGA.91.A4BD.01A	4	4
1306	TCGA.93.7347.01A	4	4
1307	TCGA.93.7348.01A	4	3
1308	TCGA.93.8067.01A	4	3
1309	TCGA.93.A4JN.01A	4	2
1310	TCGA.93.A4JO.01A	4	2
1311	TCGA.93.A4JP.01A	4	3
1312	TCGA.93.A4JQ.01A	4	2
1313	TCGA.95.7039.01A	4	3
1314	TCGA.95.7043.01A	4	3
1315	TCGA.95.7562.01A	4	3
1316	TCGA.95.7567.01A	4	2
1317	TCGA.95.7944.01A	4	3
1318	TCGA.95.7947.01A	4	3
1319	TCGA.95.7948.01A	4	3
1320	TCGA.95.8039.01A	4	2
1321	TCGA.95.8494.01A	4	2
1322	TCGA.95.A4VK.01A	4	2
1323	TCGA.95.A4VN.01A	4	2
1324	TCGA.95.A4VP.01A	4	1
1325	TCGA.97.7546.01A	4	3
1326	TCGA.97.7547.01A	4	4
1327	TCGA.97.7552.01A	4	4
1328	TCGA.97.7553.01A	4	4
1329	TCGA.97.7554.01A	4	2
1330	TCGA.97.7937.01A	4	3
1331	TCGA.97.7938.01A	4	4
1332	TCGA.97.7941.01A	4	3
1333	TCGA.97.8171.01A	4	3
1334	TCGA.97.8172.01A	4	3
1335	TCGA.97.8174.01A	4	1
1336	TCGA.97.8175.01A	4	3
1337	TCGA.97.8176.01A	4	3
1338	TCGA.97.8177.01A	4	3
1339	TCGA.97.8179.01A	4	3
1340	TCGA.97.8547.01A	4	2
1341	TCGA.97.8552.01A	4	3
1342	TCGA.97.A4LX.01A	4	2
1343	TCGA.97.A4M0.01A	4	2
1344	TCGA.97.A4M1.01A	4	3
1345	TCGA.97.A4M2.01A	4	3
1346	TCGA.97.A4M3.01A	4	1
1347	TCGA.97.A4M5.01A	4	2
1348	TCGA.97.A4M6.01A	4	2
1349	TCGA.97.A4M7.01A	4	3
1350	TCGA.99.7458.01A	4	4
1351	TCGA.99.8025.01A	4	3
1352	TCGA.99.8028.01A	4	3
1353	TCGA.99.8032.01A	4	3
1354	TCGA.99.8033.01A	4	3
1355	TCGA.99.AA5R.01A	4	3
1356	TCGA.J2.8192.01A	4	3
1357	TCGA.J2.8194.01A	4	3
1358	TCGA.J2.A4AD.01A	4	3
1359	TCGA.J2.A4AE.01A	4	3
1360	TCGA.J2.A4AG.01A	4	2
1361	TCGA.L4.A4E5.01A	4	2
1362	TCGA.L4.A4E6.01A	4	4
1363	TCGA.L9.A443.01A	4	2
1364	TCGA.L9.A444.01A	4	2
1365	TCGA.L9.A50W.01A	4	3
1366	TCGA.L9.A5IP.01A	4	3
1367	TCGA.L9.A743.01A	4	2
1368	TCGA.L9.A7SV.01A	4	2
1369	TCGA.L9.A8F4.01A	4	2
1370	TCGA.MN.A4N1.01A	4	3
1371	TCGA.MN.A4N4.01A	4	2
1372	TCGA.MN.A4N5.01A	4	2
1373	TCGA.MP.A4SV.01A	4	2
1374	TCGA.MP.A4SW.01A	4	2
1375	TCGA.MP.A4SY.01A	4	2
1376	TCGA.MP.A4T4.01A	4	2
1377	TCGA.MP.A4T6.01A	4	3
1378	TCGA.MP.A4T7.01A	4	3
1379	TCGA.MP.A4T8.01A	4	2
1380	TCGA.MP.A4T9.01A	4	3
1381	TCGA.MP.A4TA.01A	4	3
1382	TCGA.MP.A4TC.01A	4	2
1383	TCGA.MP.A4TD.01A	4	2
1384	TCGA.MP.A4TE.01A	4	2
1385	TCGA.MP.A4TF.01A	4	2
1386	TCGA.MP.A4TH.01A	4	1
1387	TCGA.MP.A4TI.01A	4	2
1388	TCGA.MP.A4TJ.01A	4	3
1389	TCGA.MP.A4TK.01A	4	3
1390	TCGA.MP.A5C7.01A	4	1
1391	TCGA.NJ.A4YF.01A	4	3
1392	TCGA.NJ.A4YG.01A	4	2
1393	TCGA.NJ.A4YI.01A	4	2
1394	TCGA.NJ.A4YP.01A	4	2
1395	TCGA.NJ.A4YQ.01A	4	3
1396	TCGA.NJ.A55A.01A	4	3
1397	TCGA.NJ.A55O.01A	4	4
1398	TCGA.NJ.A55R.01A	4	3
1399	TCGA.NJ.A7XG.01A	4	2
1400	TCGA.O1.A52J.01A	4	1
1401	TCGA.S2.AA1A.01A	4	3
1402	TCGA.05.4384.01A	5	1
1403	TCGA.05.4390.01A	5	4
1404	TCGA.05.4396.01A	5	4
1405	TCGA.05.4405.01A	5	3
1406	TCGA.05.4410.01A	5	3
1407	TCGA.05.4415.01A	5	3
1408	TCGA.05.4417.01A	5	1
1409	TCGA.05.4424.01A	5	4
1410	TCGA.05.4425.01A	5	4
1411	TCGA.05.4427.01A	5	2
1412	TCGA.05.4433.01A	5	4
1413	TCGA.05.5420.01A	5	3
1414	TCGA.05.5423.01A	5	1
1415	TCGA.05.5425.01A	5	4
1416	TCGA.05.5428.01A	5	3
1417	TCGA.05.5429.01A	5	3
1418	TCGA.05.5715.01A	5	4
1419	TCGA.35.5375.01A	5	4
1420	TCGA.38.4631.01A	5	4
1421	TCGA.38.4632.01A	5	3
1422	TCGA.38.6178.01A	5	3
1423	TCGA.38.7271.01A	5	3
1424	TCGA.38.A44F.01A	5	3
1425	TCGA.44.2655.11A	5	4
1426	TCGA.44.2656.01A	5	2
1427	TCGA.44.2665.01A	5	3
1428	TCGA.44.2665.11A	5	1
1429	TCGA.44.2666.01A	5	1
1430	TCGA.44.2668.01A	5	3
1431	TCGA.44.2668.11A	5	1
1432	TCGA.44.3918.01A	5	2
1433	TCGA.44.4112.01A	5	3
1434	TCGA.44.5643.01A	5	4
1435	TCGA.44.5644.01A	5	4
1436	TCGA.44.5645.01A	5	4
1437	TCGA.44.6144.11A	5	1
1438	TCGA.44.6145.01A	5	4
1439	TCGA.44.6146.01A	5	4
1440	TCGA.44.6146.01B	5	4
1441	TCGA.44.6147.01A	5	4
1442	TCGA.44.6147.01B	5	4
1443	TCGA.44.6148.01A	5	4
1444	TCGA.44.6774.01A	5	3
1445	TCGA.44.6775.01A	5	3
1446	TCGA.44.6775.01C	5	4
1447	TCGA.44.6776.01A	5	5
1448	TCGA.44.6777.01A	5	1
1449	TCGA.44.6778.01A	5	4
1450	TCGA.44.6778.11A	5	1
1451	TCGA.44.6779.01A	5	3
1452	TCGA.44.7659.01A	5	1
1453	TCGA.44.7660.01A	5	3
1454	TCGA.44.7661.01A	5	3
1455	TCGA.44.7662.01A	5	2
1456	TCGA.44.7667.01A	5	4
1457	TCGA.44.7669.01A	5	4
1458	TCGA.44.7670.01A	5	3
1459	TCGA.44.7671.01A	5	5
1460	TCGA.44.7672.01A	5	2
1461	TCGA.44.8117.01A	5	3
1462	TCGA.44.8119.01A	5	3
1463	TCGA.44.8120.01A	5	4
1464	TCGA.44.A479.01A	5	2
1465	TCGA.44.A47A.01A	5	3
1466	TCGA.44.A47B.01A	5	2
1467	TCGA.44.A47G.01A	5	2
1468	TCGA.44.A4SS.01A	5	2
1469	TCGA.44.A4SU.01A	5	3
1470	TCGA.49.4487.01A	5	3
1471	TCGA.49.4488.01A	5	4
1472	TCGA.49.4490.01A	5	2
1473	TCGA.49.4512.01A	5	3
1474	TCGA.49.4514.01A	5	4
1475	TCGA.49.6742.01A	5	3
1476	TCGA.49.6743.01A	5	3
1477	TCGA.49.6744.01A	5	3
1478	TCGA.49.6745.01A	5	2
1479	TCGA.49.6745.11A	5	1
1480	TCGA.49.6761.01A	5	4
1481	TCGA.49.6767.01A	5	3
1482	TCGA.49.AAQV.01A	5	3
1483	TCGA.49.AAR0.01A	5	4
1484	TCGA.49.AAR2.01A	5	4
1485	TCGA.49.AAR3.01A	5	3
1486	TCGA.49.AAR4.01A	5	3
1487	TCGA.49.AAR9.01A	5	3
1488	TCGA.49.AARE.01A	5	3
1489	TCGA.49.AARN.01A	5	3
1490	TCGA.49.AARO.01A	5	3
1491	TCGA.49.AARQ.01A	5	4
1492	TCGA.49.AARR.01A	5	4
1493	TCGA.4B.A93V.01A	5	4
1494	TCGA.50.5044.01A	5	3
1495	TCGA.50.5045.01A	5	3
1496	TCGA.50.5049.01A	5	4
1497	TCGA.50.5051.01A	5	5
1498	TCGA.50.5055.01A	5	4
1499	TCGA.50.5066.01A	5	4
1500	TCGA.50.5066.02A	5	3
1501	TCGA.50.5068.01A	5	3
1502	TCGA.50.5072.01A	5	3
1503	TCGA.50.5930.01A	5	3
1504	TCGA.50.5930.11A	5	1
1505	TCGA.50.5931.01A	5	4
1506	TCGA.50.5932.01A	5	5
1507	TCGA.50.5932.11A	5	1
1508	TCGA.50.5933.01A	5	2
1509	TCGA.50.5933.11A	5	1
1510	TCGA.50.5935.01A	5	1
1511	TCGA.50.5936.01A	5	2
1512	TCGA.50.5939.01A	5	3
1513	TCGA.50.5941.01A	5	3
1514	TCGA.50.5942.01A	5	1
1515	TCGA.50.5944.01A	5	3
1516	TCGA.50.5946.01A	5	3
1517	TCGA.50.5946.02A	5	4
1518	TCGA.50.6590.01A	5	3
1519	TCGA.50.6591.01A	5	4
1520	TCGA.50.6592.01A	5	3
1521	TCGA.50.6593.01A	5	3
1522	TCGA.50.6594.01A	5	3
1523	TCGA.50.6595.01A	5	3
1524	TCGA.50.6597.01A	5	3
1525	TCGA.50.6673.01A	5	4
1526	TCGA.50.7109.01A	5	2
1527	TCGA.50.8457.01A	5	4
1528	TCGA.50.8459.01A	5	3
1529	TCGA.50.8460.01A	5	5
1530	TCGA.53.7624.01A	5	3
1531	TCGA.53.7626.01A	5	3
1532	TCGA.53.7813.01A	5	4
1533	TCGA.53.A4EZ.01A	5	3
1534	TCGA.55.5899.01A	5	4
1535	TCGA.55.6543.01A	5	4
1536	TCGA.55.6642.01A	5	2
1537	TCGA.55.6712.01A	5	2
1538	TCGA.55.6968.01A	5	4
1539	TCGA.55.6969.01A	5	4
1540	TCGA.55.6970.01A	5	4
1541	TCGA.55.6971.01A	5	4
1542	TCGA.55.6972.01A	5	4
1543	TCGA.55.6978.01A	5	3
1544	TCGA.55.6979.01A	5	4
1545	TCGA.55.6980.01A	5	4
1546	TCGA.55.6981.01A	5	3
1547	TCGA.55.6982.01A	5	4
1548	TCGA.55.6983.01A	5	4
1549	TCGA.55.6984.01A	5	4
1550	TCGA.55.6985.01A	5	4
1551	TCGA.55.6986.01A	5	4
1552	TCGA.55.6987.01A	5	4
1553	TCGA.55.7227.01A	5	2
1554	TCGA.55.7281.01A	5	2
1555	TCGA.55.7283.01A	5	1
1556	TCGA.55.7284.01B	5	4
1557	TCGA.55.7570.01A	5	3
1558	TCGA.55.7573.01A	5	4
1559	TCGA.55.7574.01A	5	1
1560	TCGA.55.7576.01A	5	2
1561	TCGA.55.7724.01A	5	1
1562	TCGA.55.7725.01A	5	1
1563	TCGA.55.7726.01A	5	3
1564	TCGA.55.7727.01A	5	3
1565	TCGA.55.7728.01A	5	3
1566	TCGA.55.7815.01A	5	2
1567	TCGA.55.7816.01A	5	3
1568	TCGA.55.7903.01A	5	2
1569	TCGA.55.7907.01A	5	4
1570	TCGA.55.7910.01A	5	4
1571	TCGA.55.7911.01A	5	2
1572	TCGA.55.7913.01B	5	4
1573	TCGA.55.7914.01A	5	3
1574	TCGA.55.7994.01A	5	3
1575	TCGA.55.7995.01A	5	4
1576	TCGA.55.8085.01A	5	4
1577	TCGA.55.8087.01A	5	4
1578	TCGA.55.8089.01A	5	4
1579	TCGA.55.8090.01A	5	4
1580	TCGA.55.8091.01A	5	3
1581	TCGA.55.8092.01A	5	4
1582	TCGA.55.8094.01A	5	4
1583	TCGA.55.8096.01A	5	4
1584	TCGA.55.8097.01A	5	4
1585	TCGA.55.8203.01A	5	4
1586	TCGA.55.8204.01A	5	3
1587	TCGA.55.8205.01A	5	3
1588	TCGA.55.8206.01A	5	4
1589	TCGA.55.8207.01A	5	1
1590	TCGA.55.8208.01A	5	4
1591	TCGA.55.8299.01A	5	3
1592	TCGA.55.8301.01A	5	4
1593	TCGA.55.8302.01A	5	2
1594	TCGA.55.8505.01A	5	3
1595	TCGA.55.8506.01A	5	2
1596	TCGA.55.8507.01A	5	3
1597	TCGA.55.8508.01A	5	4
1598	TCGA.55.8510.01A	5	4
1599	TCGA.55.8511.01A	5	4
1600	TCGA.55.8512.01A	5	4
1601	TCGA.55.8513.01A	5	4
1602	TCGA.55.8514.01A	5	3
1603	TCGA.55.8614.01A	5	3
1604	TCGA.55.8615.01A	5	4
1605	TCGA.55.8616.01A	5	3
1606	TCGA.55.8619.01A	5	4
1607	TCGA.55.8620.01A	5	4
1608	TCGA.55.8621.01A	5	1
1609	TCGA.55.A48X.01A	5	3
1610	TCGA.55.A48Y.01A	5	2
1611	TCGA.55.A48Z.01A	5	3
1612	TCGA.55.A490.01A	5	2
1613	TCGA.55.A491.01A	5	2
1614	TCGA.55.A492.01A	5	5
1615	TCGA.55.A493.01A	5	2
1616	TCGA.55.A494.01A	5	3
1617	TCGA.55.A4DF.01A	5	3
1618	TCGA.55.A4DG.01A	5	3
1619	TCGA.55.A57B.01A	5	3
1620	TCGA.62.8394.01A	5	4
1621	TCGA.62.8395.01A	5	4
1622	TCGA.62.8397.01A	5	5
1623	TCGA.62.8398.01A	5	2
1624	TCGA.62.8399.01A	5	4
1625	TCGA.62.8402.01A	5	3
1626	TCGA.62.A46O.01A	5	2
1627	TCGA.62.A46P.01A	5	5
1628	TCGA.62.A46R.01A	5	2
1629	TCGA.62.A46S.01A	5	2
1630	TCGA.62.A46U.01A	5	2
1631	TCGA.62.A46V.01A	5	2
1632	TCGA.62.A46Y.01A	5	5
1633	TCGA.62.A470.01A	5	4
1634	TCGA.62.A471.01A	5	2
1635	TCGA.62.A472.01A	5	2
1636	TCGA.64.1679.01A	5	2
1637	TCGA.64.1681.01A	5	3
1638	TCGA.64.5774.01A	5	4
1639	TCGA.64.5775.01A	5	3
1640	TCGA.64.5778.01A	5	3
1641	TCGA.64.5779.01A	5	4
1642	TCGA.64.5781.01A	5	3
1643	TCGA.64.5815.01A	5	2
1644	TCGA.67.4679.01B	5	1
1645	TCGA.67.6215.01A	5	5
1646	TCGA.67.6216.01A	5	1
1647	TCGA.67.6217.01A	5	5
1648	TCGA.69.7760.01A	5	3
1649	TCGA.69.7761.01A	5	3
1650	TCGA.69.7763.01A	5	1
1651	TCGA.69.7764.01A	5	3
1652	TCGA.69.7765.01A	5	3
1653	TCGA.69.7973.01A	5	4
1654	TCGA.69.7974.01A	5	2
1655	TCGA.69.7978.01A	5	3
1656	TCGA.69.7979.01A	5	4
1657	TCGA.69.7980.01A	5	4
1658	TCGA.69.8253.01A	5	5
1659	TCGA.69.8254.01A	5	4
1660	TCGA.69.8255.01A	5	4
1661	TCGA.69.8453.01A	5	1
1662	TCGA.69.A59K.01A	5	2
1663	TCGA.71.6725.01A	5	4
1664	TCGA.71.8520.01A	5	3
1665	TCGA.73.4658.01A	5	2
1666	TCGA.73.4676.01A	5	2
1667	TCGA.73.7498.01A	5	5
1668	TCGA.73.7499.01A	5	3
1669	TCGA.73.A9RS.01A	5	4
1670	TCGA.75.5122.01A	5	3
1671	TCGA.75.5125.01A	5	3
1672	TCGA.75.5126.01A	5	3
1673	TCGA.75.5146.01A	5	5
1674	TCGA.75.5147.01A	5	4
1675	TCGA.75.6203.01A	5	1
1676	TCGA.75.6205.01A	5	4
1677	TCGA.75.6206.01A	5	5
1678	TCGA.75.6207.01A	5	3
1679	TCGA.75.6211.01A	5	4
1680	TCGA.75.6212.01A	5	4
1681	TCGA.75.6214.01A	5	4
1682	TCGA.75.7025.01A	5	4
1683	TCGA.75.7027.01A	5	4
1684	TCGA.75.7030.01A	5	4
1685	TCGA.75.7031.01A	5	4
1686	TCGA.78.7143.01A	5	3
1687	TCGA.78.7145.01A	5	2
1688	TCGA.78.7146.01A	5	2
1689	TCGA.78.7147.01A	5	3
1690	TCGA.78.7148.01A	5	2
1691	TCGA.78.7149.01A	5	5
1692	TCGA.78.7150.01A	5	2
1693	TCGA.78.7152.01A	5	1
1694	TCGA.78.7153.01A	5	1
1695	TCGA.78.7154.01A	5	3
1696	TCGA.78.7155.01A	5	4
1697	TCGA.78.7156.01A	5	4
1698	TCGA.78.7158.01A	5	4
1699	TCGA.78.7159.01A	5	3
1700	TCGA.78.7160.01A	5	3
1701	TCGA.78.7161.01A	5	5
1702	TCGA.78.7162.01A	5	1
1703	TCGA.78.7163.01A	5	3
1704	TCGA.78.7166.01A	5	2
1705	TCGA.78.7167.01A	5	5
1706	TCGA.78.7220.01A	5	2
1707	TCGA.78.7535.01A	5	3
1708	TCGA.78.7536.01A	5	3
1709	TCGA.78.7537.01A	5	5
1710	TCGA.78.7539.01A	5	2
1711	TCGA.78.7540.01A	5	2
1712	TCGA.78.7542.01A	5	3
1713	TCGA.78.7633.01A	5	5
1714	TCGA.78.8640.01A	5	4
1715	TCGA.78.8648.01A	5	3
1716	TCGA.78.8655.01A	5	3
1717	TCGA.78.8660.01A	5	4
1718	TCGA.78.8662.01A	5	4
1719	TCGA.80.5607.01A	5	4
1720	TCGA.80.5608.01A	5	5
1721	TCGA.80.5611.01A	5	3
1722	TCGA.83.5908.01A	5	3
1723	TCGA.86.6562.01A	5	3
1724	TCGA.86.6851.01A	5	4
1725	TCGA.86.7701.01A	5	4
1726	TCGA.86.7711.01A	5	2
1727	TCGA.86.7713.01A	5	2
1728	TCGA.86.7714.01A	5	1
1729	TCGA.86.7953.01A	5	3
1730	TCGA.86.7954.01A	5	3
1731	TCGA.86.7955.01A	5	3
1732	TCGA.86.8054.01A	5	4
1733	TCGA.86.8055.01A	5	4
1734	TCGA.86.8056.01A	5	4
1735	TCGA.86.8073.01A	5	4
1736	TCGA.86.8074.01A	5	3
1737	TCGA.86.8075.01A	5	3
1738	TCGA.86.8076.01A	5	4
1739	TCGA.86.8278.01A	5	3
1740	TCGA.86.8279.01A	5	3
1741	TCGA.86.8280.01A	5	4
1742	TCGA.86.8281.01A	5	5
1743	TCGA.86.8358.01A	5	4
1744	TCGA.86.8359.01A	5	2
1745	TCGA.86.8585.01A	5	3
1746	TCGA.86.8668.01A	5	4
1747	TCGA.86.8669.01A	5	4
1748	TCGA.86.8671.01A	5	4
1749	TCGA.86.8672.01A	5	2
1750	TCGA.86.8673.01A	5	4
1751	TCGA.86.8674.01A	5	5
1752	TCGA.86.A456.01A	5	2
1753	TCGA.86.A4D0.01A	5	4
1754	TCGA.86.A4JF.01A	5	3
1755	TCGA.86.A4P7.01A	5	3
1756	TCGA.86.A4P8.01A	5	4
1757	TCGA.91.6828.01A	5	4
1758	TCGA.91.6829.01A	5	3
1759	TCGA.91.6830.01A	5	4
1760	TCGA.91.6831.01A	5	3
1761	TCGA.91.6835.01A	5	3
1762	TCGA.91.6836.01A	5	3
1763	TCGA.91.6840.01A	5	4
1764	TCGA.91.6847.01A	5	4
1765	TCGA.91.6848.01A	5	4
1766	TCGA.91.6849.01A	5	5
1767	TCGA.91.7771.01A	5	1
1768	TCGA.91.8496.01A	5	1
1769	TCGA.91.8497.01A	5	4
1770	TCGA.91.8499.01A	5	4
1771	TCGA.91.A4BC.01A	5	2
1772	TCGA.91.A4BD.01A	5	1
1773	TCGA.93.7347.01A	5	4
1774	TCGA.93.7348.01A	5	3
1775	TCGA.93.8067.01A	5	4
1776	TCGA.93.A4JN.01A	5	3
1777	TCGA.93.A4JO.01A	5	3
1778	TCGA.93.A4JP.01A	5	4
1779	TCGA.93.A4JQ.01A	5	3
1780	TCGA.95.7039.01A	5	3
1781	TCGA.95.7043.01A	5	4
1782	TCGA.95.7562.01A	5	4
1783	TCGA.95.7567.01A	5	2
1784	TCGA.95.7944.01A	5	3
1785	TCGA.95.7947.01A	5	4
1786	TCGA.95.7948.01A	5	3
1787	TCGA.95.8039.01A	5	2
1788	TCGA.95.8494.01A	5	2
1789	TCGA.95.A4VK.01A	5	2
1790	TCGA.95.A4VN.01A	5	2
1791	TCGA.95.A4VP.01A	5	5
1792	TCGA.97.7546.01A	5	4
1793	TCGA.97.7547.01A	5	1
1794	TCGA.97.7552.01A	5	1
1795	TCGA.97.7553.01A	5	1
1796	TCGA.97.7554.01A	5	2
1797	TCGA.97.7937.01A	5	3
1798	TCGA.97.7938.01A	5	1
1799	TCGA.97.7941.01A	5	4
1800	TCGA.97.8171.01A	5	4
1801	TCGA.97.8172.01A	5	4
1802	TCGA.97.8174.01A	5	5
1803	TCGA.97.8175.01A	5	3
1804	TCGA.97.8176.01A	5	3
1805	TCGA.97.8177.01A	5	3
1806	TCGA.97.8179.01A	5	4
1807	TCGA.97.8547.01A	5	2
1808	TCGA.97.8552.01A	5	4
1809	TCGA.97.A4LX.01A	5	2
1810	TCGA.97.A4M0.01A	5	2
1811	TCGA.97.A4M1.01A	5	4
1812	TCGA.97.A4M2.01A	5	4
1813	TCGA.97.A4M3.01A	5	5
1814	TCGA.97.A4M5.01A	5	3
1815	TCGA.97.A4M6.01A	5	2
1816	TCGA.97.A4M7.01A	5	3
1817	TCGA.99.7458.01A	5	1
1818	TCGA.99.8025.01A	5	3
1819	TCGA.99.8028.01A	5	3
1820	TCGA.99.8032.01A	5	4
1821	TCGA.99.8033.01A	5	3
1822	TCGA.99.AA5R.01A	5	4
1823	TCGA.J2.8192.01A	5	3
1824	TCGA.J2.8194.01A	5	4
1825	TCGA.J2.A4AD.01A	5	3
1826	TCGA.J2.A4AE.01A	5	4
1827	TCGA.J2.A4AG.01A	5	2
1828	TCGA.L4.A4E5.01A	5	2
1829	TCGA.L4.A4E6.01A	5	1
1830	TCGA.L9.A443.01A	5	2
1831	TCGA.L9.A444.01A	5	2
1832	TCGA.L9.A50W.01A	5	3
1833	TCGA.L9.A5IP.01A	5	3
1834	TCGA.L9.A743.01A	5	2
1835	TCGA.L9.A7SV.01A	5	2
1836	TCGA.L9.A8F4.01A	5	3
1837	TCGA.MN.A4N1.01A	5	3
1838	TCGA.MN.A4N4.01A	5	2
1839	TCGA.MN.A4N5.01A	5	2
1840	TCGA.MP.A4SV.01A	5	2
1841	TCGA.MP.A4SW.01A	5	2
1842	TCGA.MP.A4SY.01A	5	2
1843	TCGA.MP.A4T4.01A	5	2
1844	TCGA.MP.A4T6.01A	5	4
1845	TCGA.MP.A4T7.01A	5	3
1846	TCGA.MP.A4T8.01A	5	2
1847	TCGA.MP.A4T9.01A	5	3
1848	TCGA.MP.A4TA.01A	5	3
1849	TCGA.MP.A4TC.01A	5	3
1850	TCGA.MP.A4TD.01A	5	3
1851	TCGA.MP.A4TE.01A	5	2
1852	TCGA.MP.A4TF.01A	5	2
1853	TCGA.MP.A4TH.01A	5	5
1854	TCGA.MP.A4TI.01A	5	2
1855	TCGA.MP.A4TJ.01A	5	3
1856	TCGA.MP.A4TK.01A	5	3
1857	TCGA.MP.A5C7.01A	5	5
1858	TCGA.NJ.A4YF.01A	5	3
1859	TCGA.NJ.A4YG.01A	5	2
1860	TCGA.NJ.A4YI.01A	5	2
1861	TCGA.NJ.A4YP.01A	5	2
1862	TCGA.NJ.A4YQ.01A	5	3
1863	TCGA.NJ.A55A.01A	5	4
1864	TCGA.NJ.A55O.01A	5	1
1865	TCGA.NJ.A55R.01A	5	4
1866	TCGA.NJ.A7XG.01A	5	2
1867	TCGA.O1.A52J.01A	5	5
1868	TCGA.S2.AA1A.01A	5	3
