	samples	K	cluster
1	TCGA.05.4384.01A	2	2
2	TCGA.05.4390.01A	2	1
3	TCGA.05.4396.01A	2	1
4	TCGA.05.4405.01A	2	2
5	TCGA.05.4410.01A	2	2
6	TCGA.05.4415.01A	2	1
7	TCGA.05.4417.01A	2	2
8	TCGA.05.4424.01A	2	2
9	TCGA.05.4425.01A	2	2
10	TCGA.05.4427.01A	2	1
11	TCGA.05.4433.01A	2	2
12	TCGA.05.5420.01A	2	2
13	TCGA.05.5423.01A	2	2
14	TCGA.05.5425.01A	2	2
15	TCGA.05.5428.01A	2	1
16	TCGA.05.5429.01A	2	2
17	TCGA.05.5715.01A	2	1
18	TCGA.35.5375.01A	2	1
19	TCGA.38.4631.01A	2	1
20	TCGA.38.4632.01A	2	2
21	TCGA.38.6178.01A	2	2
22	TCGA.38.7271.01A	2	2
23	TCGA.38.A44F.01A	2	2
24	TCGA.44.2655.11A	2	1
25	TCGA.44.2656.01A	2	2
26	TCGA.44.2665.01A	2	2
27	TCGA.44.2665.11A	2	1
28	TCGA.44.2666.01A	2	2
29	TCGA.44.2668.01A	2	2
30	TCGA.44.2668.11A	2	1
31	TCGA.44.3918.01A	2	2
32	TCGA.44.4112.01A	2	2
33	TCGA.44.5643.01A	2	1
34	TCGA.44.5644.01A	2	1
35	TCGA.44.5645.01A	2	1
36	TCGA.44.6144.11A	2	2
37	TCGA.44.6145.01A	2	2
38	TCGA.44.6146.01A	2	1
39	TCGA.44.6146.01B	2	2
40	TCGA.44.6147.01A	2	2
41	TCGA.44.6147.01B	2	2
42	TCGA.44.6148.01A	2	2
43	TCGA.44.6774.01A	2	2
44	TCGA.44.6775.01A	2	2
45	TCGA.44.6775.01C	2	2
46	TCGA.44.6776.01A	2	1
47	TCGA.44.6777.01A	2	2
48	TCGA.44.6778.01A	2	2
49	TCGA.44.6778.11A	2	2
50	TCGA.44.6779.01A	2	1
51	TCGA.44.7659.01A	2	2
52	TCGA.44.7660.01A	2	1
53	TCGA.44.7661.01A	2	2
54	TCGA.44.7662.01A	2	2
55	TCGA.44.7667.01A	2	1
56	TCGA.44.7669.01A	2	1
57	TCGA.44.7670.01A	2	1
58	TCGA.44.7671.01A	2	1
59	TCGA.44.7672.01A	2	2
60	TCGA.44.8117.01A	2	1
61	TCGA.44.8119.01A	2	1
62	TCGA.44.8120.01A	2	2
63	TCGA.44.A479.01A	2	2
64	TCGA.44.A47A.01A	2	2
65	TCGA.44.A47B.01A	2	2
66	TCGA.44.A47G.01A	2	2
67	TCGA.44.A4SS.01A	2	2
68	TCGA.44.A4SU.01A	2	2
69	TCGA.49.4487.01A	2	2
70	TCGA.49.4488.01A	2	1
71	TCGA.49.4490.01A	2	2
72	TCGA.49.4512.01A	2	2
73	TCGA.49.4514.01A	2	2
74	TCGA.49.6742.01A	2	1
75	TCGA.49.6743.01A	2	2
76	TCGA.49.6744.01A	2	2
77	TCGA.49.6745.01A	2	2
78	TCGA.49.6745.11A	2	2
79	TCGA.49.6761.01A	2	2
80	TCGA.49.6767.01A	2	1
81	TCGA.49.AAQV.01A	2	2
82	TCGA.49.AAR0.01A	2	2
83	TCGA.49.AAR2.01A	2	1
84	TCGA.49.AAR3.01A	2	2
85	TCGA.49.AAR4.01A	2	2
86	TCGA.49.AAR9.01A	2	1
87	TCGA.49.AARE.01A	2	1
88	TCGA.49.AARN.01A	2	2
89	TCGA.49.AARO.01A	2	2
90	TCGA.49.AARQ.01A	2	1
91	TCGA.49.AARR.01A	2	2
92	TCGA.4B.A93V.01A	2	1
93	TCGA.50.5044.01A	2	2
94	TCGA.50.5045.01A	2	2
95	TCGA.50.5049.01A	2	2
96	TCGA.50.5051.01A	2	1
97	TCGA.50.5055.01A	2	2
98	TCGA.50.5066.01A	2	2
99	TCGA.50.5066.02A	2	2
100	TCGA.50.5068.01A	2	2
101	TCGA.50.5072.01A	2	2
102	TCGA.50.5930.01A	2	2
103	TCGA.50.5930.11A	2	2
104	TCGA.50.5931.01A	2	1
105	TCGA.50.5932.01A	2	1
106	TCGA.50.5932.11A	2	2
107	TCGA.50.5933.01A	2	2
108	TCGA.50.5933.11A	2	2
109	TCGA.50.5935.01A	2	2
110	TCGA.50.5936.01A	2	2
111	TCGA.50.5939.01A	2	2
112	TCGA.50.5941.01A	2	2
113	TCGA.50.5942.01A	2	2
114	TCGA.50.5944.01A	2	1
115	TCGA.50.5946.01A	2	1
116	TCGA.50.5946.02A	2	1
117	TCGA.50.6590.01A	2	2
118	TCGA.50.6591.01A	2	1
119	TCGA.50.6592.01A	2	1
120	TCGA.50.6593.01A	2	2
121	TCGA.50.6594.01A	2	1
122	TCGA.50.6595.01A	2	2
123	TCGA.50.6597.01A	2	2
124	TCGA.50.6673.01A	2	2
125	TCGA.50.7109.01A	2	2
126	TCGA.50.8457.01A	2	2
127	TCGA.50.8459.01A	2	2
128	TCGA.50.8460.01A	2	2
129	TCGA.53.7624.01A	2	1
130	TCGA.53.7626.01A	2	2
131	TCGA.53.7813.01A	2	2
132	TCGA.53.A4EZ.01A	2	1
133	TCGA.55.5899.01A	2	1
134	TCGA.55.6543.01A	2	1
135	TCGA.55.6642.01A	2	2
136	TCGA.55.6712.01A	2	2
137	TCGA.55.6968.01A	2	1
138	TCGA.55.6969.01A	2	2
139	TCGA.55.6970.01A	2	2
140	TCGA.55.6971.01A	2	2
141	TCGA.55.6972.01A	2	1
142	TCGA.55.6978.01A	2	2
143	TCGA.55.6979.01A	2	2
144	TCGA.55.6980.01A	2	2
145	TCGA.55.6981.01A	2	2
146	TCGA.55.6982.01A	2	2
147	TCGA.55.6983.01A	2	2
148	TCGA.55.6984.01A	2	2
149	TCGA.55.6985.01A	2	2
150	TCGA.55.6986.01A	2	2
151	TCGA.55.6987.01A	2	2
152	TCGA.55.7227.01A	2	2
153	TCGA.55.7281.01A	2	2
154	TCGA.55.7283.01A	2	2
155	TCGA.55.7284.01B	2	2
156	TCGA.55.7570.01A	2	1
157	TCGA.55.7573.01A	2	2
158	TCGA.55.7574.01A	2	2
159	TCGA.55.7576.01A	2	2
160	TCGA.55.7724.01A	2	2
161	TCGA.55.7725.01A	2	2
162	TCGA.55.7726.01A	2	2
163	TCGA.55.7727.01A	2	2
164	TCGA.55.7728.01A	2	2
165	TCGA.55.7815.01A	2	2
166	TCGA.55.7816.01A	2	2
167	TCGA.55.7903.01A	2	2
168	TCGA.55.7907.01A	2	2
169	TCGA.55.7910.01A	2	1
170	TCGA.55.7911.01A	2	1
171	TCGA.55.7913.01B	2	1
172	TCGA.55.7914.01A	2	2
173	TCGA.55.7994.01A	2	1
174	TCGA.55.7995.01A	2	1
175	TCGA.55.8085.01A	2	2
176	TCGA.55.8087.01A	2	1
177	TCGA.55.8089.01A	2	2
178	TCGA.55.8090.01A	2	2
179	TCGA.55.8091.01A	2	2
180	TCGA.55.8092.01A	2	2
181	TCGA.55.8094.01A	2	1
182	TCGA.55.8096.01A	2	2
183	TCGA.55.8097.01A	2	2
184	TCGA.55.8203.01A	2	2
185	TCGA.55.8204.01A	2	2
186	TCGA.55.8205.01A	2	2
187	TCGA.55.8206.01A	2	2
188	TCGA.55.8207.01A	2	2
189	TCGA.55.8208.01A	2	2
190	TCGA.55.8299.01A	2	2
191	TCGA.55.8301.01A	2	2
192	TCGA.55.8302.01A	2	2
193	TCGA.55.8505.01A	2	2
194	TCGA.55.8506.01A	2	1
195	TCGA.55.8507.01A	2	1
196	TCGA.55.8508.01A	2	2
197	TCGA.55.8510.01A	2	2
198	TCGA.55.8511.01A	2	2
199	TCGA.55.8512.01A	2	2
200	TCGA.55.8513.01A	2	2
201	TCGA.55.8514.01A	2	2
202	TCGA.55.8614.01A	2	2
203	TCGA.55.8615.01A	2	1
204	TCGA.55.8616.01A	2	2
205	TCGA.55.8619.01A	2	2
206	TCGA.55.8620.01A	2	1
207	TCGA.55.8621.01A	2	2
208	TCGA.55.A48X.01A	2	2
209	TCGA.55.A48Y.01A	2	2
210	TCGA.55.A48Z.01A	2	2
211	TCGA.55.A490.01A	2	1
212	TCGA.55.A491.01A	2	2
213	TCGA.55.A492.01A	2	2
214	TCGA.55.A493.01A	2	2
215	TCGA.55.A494.01A	2	1
216	TCGA.55.A4DF.01A	2	2
217	TCGA.55.A4DG.01A	2	2
218	TCGA.55.A57B.01A	2	2
219	TCGA.62.8394.01A	2	1
220	TCGA.62.8395.01A	2	2
221	TCGA.62.8397.01A	2	1
222	TCGA.62.8398.01A	2	1
223	TCGA.62.8399.01A	2	1
224	TCGA.62.8402.01A	2	1
225	TCGA.62.A46O.01A	2	1
226	TCGA.62.A46P.01A	2	1
227	TCGA.62.A46R.01A	2	2
228	TCGA.62.A46S.01A	2	2
229	TCGA.62.A46U.01A	2	2
230	TCGA.62.A46V.01A	2	2
231	TCGA.62.A46Y.01A	2	2
232	TCGA.62.A470.01A	2	1
233	TCGA.62.A471.01A	2	1
234	TCGA.62.A472.01A	2	2
235	TCGA.64.1679.01A	2	2
236	TCGA.64.1681.01A	2	2
237	TCGA.64.5774.01A	2	1
238	TCGA.64.5775.01A	2	1
239	TCGA.64.5778.01A	2	2
240	TCGA.64.5779.01A	2	1
241	TCGA.64.5781.01A	2	1
242	TCGA.64.5815.01A	2	2
243	TCGA.67.4679.01B	2	2
244	TCGA.67.6215.01A	2	1
245	TCGA.67.6216.01A	2	2
246	TCGA.67.6217.01A	2	2
247	TCGA.69.7760.01A	2	1
248	TCGA.69.7761.01A	2	2
249	TCGA.69.7763.01A	2	2
250	TCGA.69.7764.01A	2	1
251	TCGA.69.7765.01A	2	2
252	TCGA.69.7973.01A	2	1
253	TCGA.69.7974.01A	2	2
254	TCGA.69.7978.01A	2	2
255	TCGA.69.7979.01A	2	1
256	TCGA.69.7980.01A	2	2
257	TCGA.69.8253.01A	2	2
258	TCGA.69.8254.01A	2	2
259	TCGA.69.8255.01A	2	1
260	TCGA.69.8453.01A	2	2
261	TCGA.69.A59K.01A	2	2
262	TCGA.71.6725.01A	2	1
263	TCGA.71.8520.01A	2	1
264	TCGA.73.4658.01A	2	2
265	TCGA.73.4676.01A	2	2
266	TCGA.73.7498.01A	2	2
267	TCGA.73.7499.01A	2	2
268	TCGA.73.A9RS.01A	2	1
269	TCGA.75.5122.01A	2	2
270	TCGA.75.5125.01A	2	2
271	TCGA.75.5126.01A	2	2
272	TCGA.75.5146.01A	2	2
273	TCGA.75.5147.01A	2	1
274	TCGA.75.6203.01A	2	2
275	TCGA.75.6205.01A	2	2
276	TCGA.75.6206.01A	2	1
277	TCGA.75.6207.01A	2	1
278	TCGA.75.6211.01A	2	1
279	TCGA.75.6212.01A	2	2
280	TCGA.75.6214.01A	2	1
281	TCGA.75.7025.01A	2	2
282	TCGA.75.7027.01A	2	1
283	TCGA.75.7030.01A	2	2
284	TCGA.75.7031.01A	2	1
285	TCGA.78.7143.01A	2	1
286	TCGA.78.7145.01A	2	1
287	TCGA.78.7146.01A	2	1
288	TCGA.78.7147.01A	2	2
289	TCGA.78.7148.01A	2	1
290	TCGA.78.7149.01A	2	2
291	TCGA.78.7150.01A	2	1
292	TCGA.78.7152.01A	2	2
293	TCGA.78.7153.01A	2	1
294	TCGA.78.7154.01A	2	2
295	TCGA.78.7155.01A	2	1
296	TCGA.78.7156.01A	2	1
297	TCGA.78.7158.01A	2	1
298	TCGA.78.7159.01A	2	1
299	TCGA.78.7160.01A	2	2
300	TCGA.78.7161.01A	2	1
301	TCGA.78.7162.01A	2	2
302	TCGA.78.7163.01A	2	1
303	TCGA.78.7166.01A	2	1
304	TCGA.78.7167.01A	2	1
305	TCGA.78.7220.01A	2	1
306	TCGA.78.7535.01A	2	1
307	TCGA.78.7536.01A	2	1
308	TCGA.78.7537.01A	2	2
309	TCGA.78.7539.01A	2	2
310	TCGA.78.7540.01A	2	2
311	TCGA.78.7542.01A	2	1
312	TCGA.78.7633.01A	2	1
313	TCGA.78.8640.01A	2	1
314	TCGA.78.8648.01A	2	2
315	TCGA.78.8655.01A	2	2
316	TCGA.78.8660.01A	2	2
317	TCGA.78.8662.01A	2	1
318	TCGA.80.5607.01A	2	2
319	TCGA.80.5608.01A	2	1
320	TCGA.80.5611.01A	2	1
321	TCGA.83.5908.01A	2	2
322	TCGA.86.6562.01A	2	1
323	TCGA.86.6851.01A	2	2
324	TCGA.86.7701.01A	2	2
325	TCGA.86.7711.01A	2	1
326	TCGA.86.7713.01A	2	1
327	TCGA.86.7714.01A	2	2
328	TCGA.86.7953.01A	2	2
329	TCGA.86.7954.01A	2	2
330	TCGA.86.7955.01A	2	1
331	TCGA.86.8054.01A	2	1
332	TCGA.86.8055.01A	2	2
333	TCGA.86.8056.01A	2	2
334	TCGA.86.8073.01A	2	2
335	TCGA.86.8074.01A	2	1
336	TCGA.86.8075.01A	2	2
337	TCGA.86.8076.01A	2	2
338	TCGA.86.8278.01A	2	2
339	TCGA.86.8279.01A	2	1
340	TCGA.86.8280.01A	2	2
341	TCGA.86.8281.01A	2	2
342	TCGA.86.8358.01A	2	1
343	TCGA.86.8359.01A	2	1
344	TCGA.86.8585.01A	2	2
345	TCGA.86.8668.01A	2	2
346	TCGA.86.8669.01A	2	1
347	TCGA.86.8671.01A	2	2
348	TCGA.86.8672.01A	2	2
349	TCGA.86.8673.01A	2	1
350	TCGA.86.8674.01A	2	1
351	TCGA.86.A456.01A	2	2
352	TCGA.86.A4D0.01A	2	1
353	TCGA.86.A4JF.01A	2	2
354	TCGA.86.A4P7.01A	2	2
355	TCGA.86.A4P8.01A	2	2
356	TCGA.91.6828.01A	2	2
357	TCGA.91.6829.01A	2	1
358	TCGA.91.6830.01A	2	2
359	TCGA.91.6831.01A	2	1
360	TCGA.91.6835.01A	2	2
361	TCGA.91.6836.01A	2	1
362	TCGA.91.6840.01A	2	1
363	TCGA.91.6847.01A	2	1
364	TCGA.91.6848.01A	2	1
365	TCGA.91.6849.01A	2	2
366	TCGA.91.7771.01A	2	2
367	TCGA.91.8496.01A	2	2
368	TCGA.91.8497.01A	2	2
369	TCGA.91.8499.01A	2	1
370	TCGA.91.A4BC.01A	2	2
371	TCGA.91.A4BD.01A	2	2
372	TCGA.93.7347.01A	2	2
373	TCGA.93.7348.01A	2	2
374	TCGA.93.8067.01A	2	1
375	TCGA.93.A4JN.01A	2	2
376	TCGA.93.A4JO.01A	2	2
377	TCGA.93.A4JP.01A	2	2
378	TCGA.93.A4JQ.01A	2	2
379	TCGA.95.7039.01A	2	2
380	TCGA.95.7043.01A	2	1
381	TCGA.95.7562.01A	2	1
382	TCGA.95.7567.01A	2	2
383	TCGA.95.7944.01A	2	2
384	TCGA.95.7947.01A	2	2
385	TCGA.95.7948.01A	2	1
386	TCGA.95.8039.01A	2	2
387	TCGA.95.8494.01A	2	1
388	TCGA.95.A4VK.01A	2	2
389	TCGA.95.A4VN.01A	2	2
390	TCGA.95.A4VP.01A	2	2
391	TCGA.97.7546.01A	2	2
392	TCGA.97.7547.01A	2	2
393	TCGA.97.7552.01A	2	2
394	TCGA.97.7553.01A	2	2
395	TCGA.97.7554.01A	2	2
396	TCGA.97.7937.01A	2	1
397	TCGA.97.7938.01A	2	2
398	TCGA.97.7941.01A	2	2
399	TCGA.97.8171.01A	2	1
400	TCGA.97.8172.01A	2	2
401	TCGA.97.8174.01A	2	2
402	TCGA.97.8175.01A	2	2
403	TCGA.97.8176.01A	2	2
404	TCGA.97.8177.01A	2	2
405	TCGA.97.8179.01A	2	2
406	TCGA.97.8547.01A	2	2
407	TCGA.97.8552.01A	2	2
408	TCGA.97.A4LX.01A	2	2
409	TCGA.97.A4M0.01A	2	2
410	TCGA.97.A4M1.01A	2	2
411	TCGA.97.A4M2.01A	2	2
412	TCGA.97.A4M3.01A	2	1
413	TCGA.97.A4M5.01A	2	2
414	TCGA.97.A4M6.01A	2	2
415	TCGA.97.A4M7.01A	2	2
416	TCGA.99.7458.01A	2	2
417	TCGA.99.8025.01A	2	2
418	TCGA.99.8028.01A	2	2
419	TCGA.99.8032.01A	2	1
420	TCGA.99.8033.01A	2	2
421	TCGA.99.AA5R.01A	2	2
422	TCGA.J2.8192.01A	2	2
423	TCGA.J2.8194.01A	2	1
424	TCGA.J2.A4AD.01A	2	2
425	TCGA.J2.A4AE.01A	2	2
426	TCGA.J2.A4AG.01A	2	2
427	TCGA.L4.A4E5.01A	2	1
428	TCGA.L4.A4E6.01A	2	2
429	TCGA.L9.A443.01A	2	2
430	TCGA.L9.A444.01A	2	2
431	TCGA.L9.A50W.01A	2	1
432	TCGA.L9.A5IP.01A	2	1
433	TCGA.L9.A743.01A	2	2
434	TCGA.L9.A7SV.01A	2	1
435	TCGA.L9.A8F4.01A	2	2
436	TCGA.MN.A4N1.01A	2	1
437	TCGA.MN.A4N4.01A	2	1
438	TCGA.MN.A4N5.01A	2	2
439	TCGA.MP.A4SV.01A	2	2
440	TCGA.MP.A4SW.01A	2	2
441	TCGA.MP.A4SY.01A	2	2
442	TCGA.MP.A4T4.01A	2	2
443	TCGA.MP.A4T6.01A	2	1
444	TCGA.MP.A4T7.01A	2	2
445	TCGA.MP.A4T8.01A	2	2
446	TCGA.MP.A4T9.01A	2	2
447	TCGA.MP.A4TA.01A	2	1
448	TCGA.MP.A4TC.01A	2	2
449	TCGA.MP.A4TD.01A	2	2
450	TCGA.MP.A4TE.01A	2	1
451	TCGA.MP.A4TF.01A	2	1
452	TCGA.MP.A4TH.01A	2	2
453	TCGA.MP.A4TI.01A	2	2
454	TCGA.MP.A4TJ.01A	2	2
455	TCGA.MP.A4TK.01A	2	2
456	TCGA.MP.A5C7.01A	2	1
457	TCGA.NJ.A4YF.01A	2	1
458	TCGA.NJ.A4YG.01A	2	2
459	TCGA.NJ.A4YI.01A	2	1
460	TCGA.NJ.A4YP.01A	2	2
461	TCGA.NJ.A4YQ.01A	2	2
462	TCGA.NJ.A55A.01A	2	2
463	TCGA.NJ.A55O.01A	2	2
464	TCGA.NJ.A55R.01A	2	2
465	TCGA.NJ.A7XG.01A	2	1
466	TCGA.O1.A52J.01A	2	2
467	TCGA.S2.AA1A.01A	2	2
468	TCGA.05.4384.01A	3	3
469	TCGA.05.4390.01A	3	2
470	TCGA.05.4396.01A	3	2
471	TCGA.05.4405.01A	3	1
472	TCGA.05.4410.01A	3	1
473	TCGA.05.4415.01A	3	2
474	TCGA.05.4417.01A	3	1
475	TCGA.05.4424.01A	3	1
476	TCGA.05.4425.01A	3	1
477	TCGA.05.4427.01A	3	2
478	TCGA.05.4433.01A	3	3
479	TCGA.05.5420.01A	3	1
480	TCGA.05.5423.01A	3	1
481	TCGA.05.5425.01A	3	1
482	TCGA.05.5428.01A	3	2
483	TCGA.05.5429.01A	3	3
484	TCGA.05.5715.01A	3	2
485	TCGA.35.5375.01A	3	2
486	TCGA.38.4631.01A	3	2
487	TCGA.38.4632.01A	3	1
488	TCGA.38.6178.01A	3	1
489	TCGA.38.7271.01A	3	1
490	TCGA.38.A44F.01A	3	3
491	TCGA.44.2655.11A	3	3
492	TCGA.44.2656.01A	3	1
493	TCGA.44.2665.01A	3	1
494	TCGA.44.2665.11A	3	3
495	TCGA.44.2666.01A	3	1
496	TCGA.44.2668.01A	3	1
497	TCGA.44.2668.11A	3	3
498	TCGA.44.3918.01A	3	1
499	TCGA.44.4112.01A	3	1
500	TCGA.44.5643.01A	3	2
501	TCGA.44.5644.01A	3	2
502	TCGA.44.5645.01A	3	3
503	TCGA.44.6144.11A	3	3
504	TCGA.44.6145.01A	3	1
505	TCGA.44.6146.01A	3	3
506	TCGA.44.6146.01B	3	3
507	TCGA.44.6147.01A	3	3
508	TCGA.44.6147.01B	3	1
509	TCGA.44.6148.01A	3	3
510	TCGA.44.6774.01A	3	1
511	TCGA.44.6775.01A	3	1
512	TCGA.44.6775.01C	3	1
513	TCGA.44.6776.01A	3	2
514	TCGA.44.6777.01A	3	1
515	TCGA.44.6778.01A	3	1
516	TCGA.44.6778.11A	3	3
517	TCGA.44.6779.01A	3	1
518	TCGA.44.7659.01A	3	1
519	TCGA.44.7660.01A	3	2
520	TCGA.44.7661.01A	3	1
521	TCGA.44.7662.01A	3	1
522	TCGA.44.7667.01A	3	2
523	TCGA.44.7669.01A	3	2
524	TCGA.44.7670.01A	3	2
525	TCGA.44.7671.01A	3	2
526	TCGA.44.7672.01A	3	1
527	TCGA.44.8117.01A	3	2
528	TCGA.44.8119.01A	3	2
529	TCGA.44.8120.01A	3	1
530	TCGA.44.A479.01A	3	1
531	TCGA.44.A47A.01A	3	1
532	TCGA.44.A47B.01A	3	1
533	TCGA.44.A47G.01A	3	1
534	TCGA.44.A4SS.01A	3	1
535	TCGA.44.A4SU.01A	3	1
536	TCGA.49.4487.01A	3	1
537	TCGA.49.4488.01A	3	1
538	TCGA.49.4490.01A	3	1
539	TCGA.49.4512.01A	3	1
540	TCGA.49.4514.01A	3	1
541	TCGA.49.6742.01A	3	2
542	TCGA.49.6743.01A	3	1
543	TCGA.49.6744.01A	3	1
544	TCGA.49.6745.01A	3	1
545	TCGA.49.6745.11A	3	3
546	TCGA.49.6761.01A	3	1
547	TCGA.49.6767.01A	3	1
548	TCGA.49.AAQV.01A	3	1
549	TCGA.49.AAR0.01A	3	1
550	TCGA.49.AAR2.01A	3	2
551	TCGA.49.AAR3.01A	3	1
552	TCGA.49.AAR4.01A	3	1
553	TCGA.49.AAR9.01A	3	2
554	TCGA.49.AARE.01A	3	2
555	TCGA.49.AARN.01A	3	1
556	TCGA.49.AARO.01A	3	1
557	TCGA.49.AARQ.01A	3	2
558	TCGA.49.AARR.01A	3	3
559	TCGA.4B.A93V.01A	3	2
560	TCGA.50.5044.01A	3	1
561	TCGA.50.5045.01A	3	1
562	TCGA.50.5049.01A	3	1
563	TCGA.50.5051.01A	3	2
564	TCGA.50.5055.01A	3	1
565	TCGA.50.5066.01A	3	1
566	TCGA.50.5066.02A	3	1
567	TCGA.50.5068.01A	3	1
568	TCGA.50.5072.01A	3	1
569	TCGA.50.5930.01A	3	1
570	TCGA.50.5930.11A	3	3
571	TCGA.50.5931.01A	3	2
572	TCGA.50.5932.01A	3	2
573	TCGA.50.5932.11A	3	3
574	TCGA.50.5933.01A	3	1
575	TCGA.50.5933.11A	3	3
576	TCGA.50.5935.01A	3	1
577	TCGA.50.5936.01A	3	1
578	TCGA.50.5939.01A	3	1
579	TCGA.50.5941.01A	3	1
580	TCGA.50.5942.01A	3	3
581	TCGA.50.5944.01A	3	3
582	TCGA.50.5946.01A	3	2
583	TCGA.50.5946.02A	3	2
584	TCGA.50.6590.01A	3	1
585	TCGA.50.6591.01A	3	2
586	TCGA.50.6592.01A	3	1
587	TCGA.50.6593.01A	3	1
588	TCGA.50.6594.01A	3	2
589	TCGA.50.6595.01A	3	1
590	TCGA.50.6597.01A	3	1
591	TCGA.50.6673.01A	3	1
592	TCGA.50.7109.01A	3	1
593	TCGA.50.8457.01A	3	3
594	TCGA.50.8459.01A	3	1
595	TCGA.50.8460.01A	3	1
596	TCGA.53.7624.01A	3	2
597	TCGA.53.7626.01A	3	1
598	TCGA.53.7813.01A	3	1
599	TCGA.53.A4EZ.01A	3	2
600	TCGA.55.5899.01A	3	2
601	TCGA.55.6543.01A	3	2
602	TCGA.55.6642.01A	3	1
603	TCGA.55.6712.01A	3	1
604	TCGA.55.6968.01A	3	2
605	TCGA.55.6969.01A	3	1
606	TCGA.55.6970.01A	3	1
607	TCGA.55.6971.01A	3	1
608	TCGA.55.6972.01A	3	2
609	TCGA.55.6978.01A	3	1
610	TCGA.55.6979.01A	3	1
611	TCGA.55.6980.01A	3	1
612	TCGA.55.6981.01A	3	1
613	TCGA.55.6982.01A	3	1
614	TCGA.55.6983.01A	3	1
615	TCGA.55.6984.01A	3	1
616	TCGA.55.6985.01A	3	1
617	TCGA.55.6986.01A	3	1
618	TCGA.55.6987.01A	3	1
619	TCGA.55.7227.01A	3	1
620	TCGA.55.7281.01A	3	1
621	TCGA.55.7283.01A	3	1
622	TCGA.55.7284.01B	3	3
623	TCGA.55.7570.01A	3	2
624	TCGA.55.7573.01A	3	3
625	TCGA.55.7574.01A	3	1
626	TCGA.55.7576.01A	3	1
627	TCGA.55.7724.01A	3	3
628	TCGA.55.7725.01A	3	3
629	TCGA.55.7726.01A	3	1
630	TCGA.55.7727.01A	3	1
631	TCGA.55.7728.01A	3	1
632	TCGA.55.7815.01A	3	1
633	TCGA.55.7816.01A	3	3
634	TCGA.55.7903.01A	3	1
635	TCGA.55.7907.01A	3	1
636	TCGA.55.7910.01A	3	2
637	TCGA.55.7911.01A	3	1
638	TCGA.55.7913.01B	3	2
639	TCGA.55.7914.01A	3	1
640	TCGA.55.7994.01A	3	1
641	TCGA.55.7995.01A	3	1
642	TCGA.55.8085.01A	3	1
643	TCGA.55.8087.01A	3	2
644	TCGA.55.8089.01A	3	1
645	TCGA.55.8090.01A	3	1
646	TCGA.55.8091.01A	3	1
647	TCGA.55.8092.01A	3	1
648	TCGA.55.8094.01A	3	2
649	TCGA.55.8096.01A	3	1
650	TCGA.55.8097.01A	3	3
651	TCGA.55.8203.01A	3	1
652	TCGA.55.8204.01A	3	1
653	TCGA.55.8205.01A	3	1
654	TCGA.55.8206.01A	3	3
655	TCGA.55.8207.01A	3	1
656	TCGA.55.8208.01A	3	1
657	TCGA.55.8299.01A	3	1
658	TCGA.55.8301.01A	3	1
659	TCGA.55.8302.01A	3	1
660	TCGA.55.8505.01A	3	1
661	TCGA.55.8506.01A	3	1
662	TCGA.55.8507.01A	3	2
663	TCGA.55.8508.01A	3	1
664	TCGA.55.8510.01A	3	1
665	TCGA.55.8511.01A	3	1
666	TCGA.55.8512.01A	3	3
667	TCGA.55.8513.01A	3	3
668	TCGA.55.8514.01A	3	1
669	TCGA.55.8614.01A	3	1
670	TCGA.55.8615.01A	3	2
671	TCGA.55.8616.01A	3	1
672	TCGA.55.8619.01A	3	3
673	TCGA.55.8620.01A	3	2
674	TCGA.55.8621.01A	3	3
675	TCGA.55.A48X.01A	3	1
676	TCGA.55.A48Y.01A	3	1
677	TCGA.55.A48Z.01A	3	1
678	TCGA.55.A490.01A	3	2
679	TCGA.55.A491.01A	3	1
680	TCGA.55.A492.01A	3	1
681	TCGA.55.A493.01A	3	1
682	TCGA.55.A494.01A	3	2
683	TCGA.55.A4DF.01A	3	1
684	TCGA.55.A4DG.01A	3	1
685	TCGA.55.A57B.01A	3	1
686	TCGA.62.8394.01A	3	1
687	TCGA.62.8395.01A	3	1
688	TCGA.62.8397.01A	3	2
689	TCGA.62.8398.01A	3	2
690	TCGA.62.8399.01A	3	2
691	TCGA.62.8402.01A	3	2
692	TCGA.62.A46O.01A	3	2
693	TCGA.62.A46P.01A	3	2
694	TCGA.62.A46R.01A	3	1
695	TCGA.62.A46S.01A	3	3
696	TCGA.62.A46U.01A	3	1
697	TCGA.62.A46V.01A	3	1
698	TCGA.62.A46Y.01A	3	3
699	TCGA.62.A470.01A	3	2
700	TCGA.62.A471.01A	3	2
701	TCGA.62.A472.01A	3	1
702	TCGA.64.1679.01A	3	1
703	TCGA.64.1681.01A	3	3
704	TCGA.64.5774.01A	3	2
705	TCGA.64.5775.01A	3	2
706	TCGA.64.5778.01A	3	3
707	TCGA.64.5779.01A	3	2
708	TCGA.64.5781.01A	3	1
709	TCGA.64.5815.01A	3	1
710	TCGA.67.4679.01B	3	3
711	TCGA.67.6215.01A	3	2
712	TCGA.67.6216.01A	3	1
713	TCGA.67.6217.01A	3	1
714	TCGA.69.7760.01A	3	2
715	TCGA.69.7761.01A	3	1
716	TCGA.69.7763.01A	3	3
717	TCGA.69.7764.01A	3	3
718	TCGA.69.7765.01A	3	1
719	TCGA.69.7973.01A	3	2
720	TCGA.69.7974.01A	3	1
721	TCGA.69.7978.01A	3	1
722	TCGA.69.7979.01A	3	2
723	TCGA.69.7980.01A	3	1
724	TCGA.69.8253.01A	3	3
725	TCGA.69.8254.01A	3	1
726	TCGA.69.8255.01A	3	2
727	TCGA.69.8453.01A	3	3
728	TCGA.69.A59K.01A	3	1
729	TCGA.71.6725.01A	3	2
730	TCGA.71.8520.01A	3	2
731	TCGA.73.4658.01A	3	1
732	TCGA.73.4676.01A	3	3
733	TCGA.73.7498.01A	3	1
734	TCGA.73.7499.01A	3	1
735	TCGA.73.A9RS.01A	3	2
736	TCGA.75.5122.01A	3	1
737	TCGA.75.5125.01A	3	1
738	TCGA.75.5126.01A	3	3
739	TCGA.75.5146.01A	3	3
740	TCGA.75.5147.01A	3	3
741	TCGA.75.6203.01A	3	3
742	TCGA.75.6205.01A	3	1
743	TCGA.75.6206.01A	3	3
744	TCGA.75.6207.01A	3	1
745	TCGA.75.6211.01A	3	2
746	TCGA.75.6212.01A	3	3
747	TCGA.75.6214.01A	3	2
748	TCGA.75.7025.01A	3	3
749	TCGA.75.7027.01A	3	2
750	TCGA.75.7030.01A	3	3
751	TCGA.75.7031.01A	3	2
752	TCGA.78.7143.01A	3	2
753	TCGA.78.7145.01A	3	2
754	TCGA.78.7146.01A	3	2
755	TCGA.78.7147.01A	3	2
756	TCGA.78.7148.01A	3	2
757	TCGA.78.7149.01A	3	3
758	TCGA.78.7150.01A	3	2
759	TCGA.78.7152.01A	3	1
760	TCGA.78.7153.01A	3	2
761	TCGA.78.7154.01A	3	1
762	TCGA.78.7155.01A	3	2
763	TCGA.78.7156.01A	3	2
764	TCGA.78.7158.01A	3	2
765	TCGA.78.7159.01A	3	2
766	TCGA.78.7160.01A	3	1
767	TCGA.78.7161.01A	3	2
768	TCGA.78.7162.01A	3	3
769	TCGA.78.7163.01A	3	2
770	TCGA.78.7166.01A	3	2
771	TCGA.78.7167.01A	3	2
772	TCGA.78.7220.01A	3	2
773	TCGA.78.7535.01A	3	2
774	TCGA.78.7536.01A	3	2
775	TCGA.78.7537.01A	3	3
776	TCGA.78.7539.01A	3	3
777	TCGA.78.7540.01A	3	3
778	TCGA.78.7542.01A	3	2
779	TCGA.78.7633.01A	3	2
780	TCGA.78.8640.01A	3	1
781	TCGA.78.8648.01A	3	1
782	TCGA.78.8655.01A	3	1
783	TCGA.78.8660.01A	3	1
784	TCGA.78.8662.01A	3	2
785	TCGA.80.5607.01A	3	1
786	TCGA.80.5608.01A	3	2
787	TCGA.80.5611.01A	3	2
788	TCGA.83.5908.01A	3	1
789	TCGA.86.6562.01A	3	2
790	TCGA.86.6851.01A	3	1
791	TCGA.86.7701.01A	3	1
792	TCGA.86.7711.01A	3	2
793	TCGA.86.7713.01A	3	2
794	TCGA.86.7714.01A	3	3
795	TCGA.86.7953.01A	3	1
796	TCGA.86.7954.01A	3	1
797	TCGA.86.7955.01A	3	2
798	TCGA.86.8054.01A	3	2
799	TCGA.86.8055.01A	3	1
800	TCGA.86.8056.01A	3	3
801	TCGA.86.8073.01A	3	1
802	TCGA.86.8074.01A	3	2
803	TCGA.86.8075.01A	3	1
804	TCGA.86.8076.01A	3	1
805	TCGA.86.8278.01A	3	1
806	TCGA.86.8279.01A	3	2
807	TCGA.86.8280.01A	3	1
808	TCGA.86.8281.01A	3	1
809	TCGA.86.8358.01A	3	2
810	TCGA.86.8359.01A	3	1
811	TCGA.86.8585.01A	3	1
812	TCGA.86.8668.01A	3	1
813	TCGA.86.8669.01A	3	2
814	TCGA.86.8671.01A	3	1
815	TCGA.86.8672.01A	3	1
816	TCGA.86.8673.01A	3	1
817	TCGA.86.8674.01A	3	2
818	TCGA.86.A456.01A	3	1
819	TCGA.86.A4D0.01A	3	2
820	TCGA.86.A4JF.01A	3	1
821	TCGA.86.A4P7.01A	3	1
822	TCGA.86.A4P8.01A	3	3
823	TCGA.91.6828.01A	3	1
824	TCGA.91.6829.01A	3	2
825	TCGA.91.6830.01A	3	3
826	TCGA.91.6831.01A	3	2
827	TCGA.91.6835.01A	3	1
828	TCGA.91.6836.01A	3	2
829	TCGA.91.6840.01A	3	2
830	TCGA.91.6847.01A	3	2
831	TCGA.91.6848.01A	3	1
832	TCGA.91.6849.01A	3	3
833	TCGA.91.7771.01A	3	3
834	TCGA.91.8496.01A	3	3
835	TCGA.91.8497.01A	3	3
836	TCGA.91.8499.01A	3	2
837	TCGA.91.A4BC.01A	3	1
838	TCGA.91.A4BD.01A	3	1
839	TCGA.93.7347.01A	3	1
840	TCGA.93.7348.01A	3	1
841	TCGA.93.8067.01A	3	2
842	TCGA.93.A4JN.01A	3	1
843	TCGA.93.A4JO.01A	3	1
844	TCGA.93.A4JP.01A	3	3
845	TCGA.93.A4JQ.01A	3	1
846	TCGA.95.7039.01A	3	1
847	TCGA.95.7043.01A	3	2
848	TCGA.95.7562.01A	3	2
849	TCGA.95.7567.01A	3	1
850	TCGA.95.7944.01A	3	1
851	TCGA.95.7947.01A	3	1
852	TCGA.95.7948.01A	3	2
853	TCGA.95.8039.01A	3	1
854	TCGA.95.8494.01A	3	1
855	TCGA.95.A4VK.01A	3	1
856	TCGA.95.A4VN.01A	3	1
857	TCGA.95.A4VP.01A	3	1
858	TCGA.97.7546.01A	3	3
859	TCGA.97.7547.01A	3	3
860	TCGA.97.7552.01A	3	3
861	TCGA.97.7553.01A	3	3
862	TCGA.97.7554.01A	3	1
863	TCGA.97.7937.01A	3	2
864	TCGA.97.7938.01A	3	3
865	TCGA.97.7941.01A	3	3
866	TCGA.97.8171.01A	3	2
867	TCGA.97.8172.01A	3	1
868	TCGA.97.8174.01A	3	3
869	TCGA.97.8175.01A	3	1
870	TCGA.97.8176.01A	3	1
871	TCGA.97.8177.01A	3	1
872	TCGA.97.8179.01A	3	1
873	TCGA.97.8547.01A	3	1
874	TCGA.97.8552.01A	3	3
875	TCGA.97.A4LX.01A	3	1
876	TCGA.97.A4M0.01A	3	1
877	TCGA.97.A4M1.01A	3	3
878	TCGA.97.A4M2.01A	3	3
879	TCGA.97.A4M3.01A	3	2
880	TCGA.97.A4M5.01A	3	3
881	TCGA.97.A4M6.01A	3	1
882	TCGA.97.A4M7.01A	3	1
883	TCGA.99.7458.01A	3	3
884	TCGA.99.8025.01A	3	1
885	TCGA.99.8028.01A	3	1
886	TCGA.99.8032.01A	3	2
887	TCGA.99.8033.01A	3	1
888	TCGA.99.AA5R.01A	3	3
889	TCGA.J2.8192.01A	3	1
890	TCGA.J2.8194.01A	3	2
891	TCGA.J2.A4AD.01A	3	1
892	TCGA.J2.A4AE.01A	3	3
893	TCGA.J2.A4AG.01A	3	1
894	TCGA.L4.A4E5.01A	3	2
895	TCGA.L4.A4E6.01A	3	3
896	TCGA.L9.A443.01A	3	1
897	TCGA.L9.A444.01A	3	1
898	TCGA.L9.A50W.01A	3	2
899	TCGA.L9.A5IP.01A	3	2
900	TCGA.L9.A743.01A	3	1
901	TCGA.L9.A7SV.01A	3	2
902	TCGA.L9.A8F4.01A	3	1
903	TCGA.MN.A4N1.01A	3	2
904	TCGA.MN.A4N4.01A	3	1
905	TCGA.MN.A4N5.01A	3	1
906	TCGA.MP.A4SV.01A	3	1
907	TCGA.MP.A4SW.01A	3	1
908	TCGA.MP.A4SY.01A	3	1
909	TCGA.MP.A4T4.01A	3	1
910	TCGA.MP.A4T6.01A	3	2
911	TCGA.MP.A4T7.01A	3	1
912	TCGA.MP.A4T8.01A	3	1
913	TCGA.MP.A4T9.01A	3	1
914	TCGA.MP.A4TA.01A	3	2
915	TCGA.MP.A4TC.01A	3	1
916	TCGA.MP.A4TD.01A	3	1
917	TCGA.MP.A4TE.01A	3	2
918	TCGA.MP.A4TF.01A	3	2
919	TCGA.MP.A4TH.01A	3	1
920	TCGA.MP.A4TI.01A	3	1
921	TCGA.MP.A4TJ.01A	3	1
922	TCGA.MP.A4TK.01A	3	1
923	TCGA.MP.A5C7.01A	3	2
924	TCGA.NJ.A4YF.01A	3	2
925	TCGA.NJ.A4YG.01A	3	1
926	TCGA.NJ.A4YI.01A	3	2
927	TCGA.NJ.A4YP.01A	3	1
928	TCGA.NJ.A4YQ.01A	3	1
929	TCGA.NJ.A55A.01A	3	3
930	TCGA.NJ.A55O.01A	3	3
931	TCGA.NJ.A55R.01A	3	1
932	TCGA.NJ.A7XG.01A	3	3
933	TCGA.O1.A52J.01A	3	3
934	TCGA.S2.AA1A.01A	3	1
935	TCGA.05.4384.01A	4	4
936	TCGA.05.4390.01A	4	3
937	TCGA.05.4396.01A	4	1
938	TCGA.05.4405.01A	4	2
939	TCGA.05.4410.01A	4	1
940	TCGA.05.4415.01A	4	3
941	TCGA.05.4417.01A	4	2
942	TCGA.05.4424.01A	4	2
943	TCGA.05.4425.01A	4	1
944	TCGA.05.4427.01A	4	1
945	TCGA.05.4433.01A	4	4
946	TCGA.05.5420.01A	4	2
947	TCGA.05.5423.01A	4	1
948	TCGA.05.5425.01A	4	2
949	TCGA.05.5428.01A	4	1
950	TCGA.05.5429.01A	4	1
951	TCGA.05.5715.01A	4	3
952	TCGA.35.5375.01A	4	3
953	TCGA.38.4631.01A	4	3
954	TCGA.38.4632.01A	4	1
955	TCGA.38.6178.01A	4	2
956	TCGA.38.7271.01A	4	2
957	TCGA.38.A44F.01A	4	2
958	TCGA.44.2655.11A	4	4
959	TCGA.44.2656.01A	4	1
960	TCGA.44.2665.01A	4	1
961	TCGA.44.2665.11A	4	4
962	TCGA.44.2666.01A	4	1
963	TCGA.44.2668.01A	4	1
964	TCGA.44.2668.11A	4	4
965	TCGA.44.3918.01A	4	2
966	TCGA.44.4112.01A	4	2
967	TCGA.44.5643.01A	4	3
968	TCGA.44.5644.01A	4	3
969	TCGA.44.5645.01A	4	4
970	TCGA.44.6144.11A	4	4
971	TCGA.44.6145.01A	4	2
972	TCGA.44.6146.01A	4	4
973	TCGA.44.6146.01B	4	4
974	TCGA.44.6147.01A	4	2
975	TCGA.44.6147.01B	4	2
976	TCGA.44.6148.01A	4	4
977	TCGA.44.6774.01A	4	2
978	TCGA.44.6775.01A	4	2
979	TCGA.44.6775.01C	4	2
980	TCGA.44.6776.01A	4	4
981	TCGA.44.6777.01A	4	4
982	TCGA.44.6778.01A	4	2
983	TCGA.44.6778.11A	4	4
984	TCGA.44.6779.01A	4	1
985	TCGA.44.7659.01A	4	1
986	TCGA.44.7660.01A	4	3
987	TCGA.44.7661.01A	4	1
988	TCGA.44.7662.01A	4	1
989	TCGA.44.7667.01A	4	3
990	TCGA.44.7669.01A	4	3
991	TCGA.44.7670.01A	4	3
992	TCGA.44.7671.01A	4	1
993	TCGA.44.7672.01A	4	2
994	TCGA.44.8117.01A	4	1
995	TCGA.44.8119.01A	4	3
996	TCGA.44.8120.01A	4	2
997	TCGA.44.A479.01A	4	2
998	TCGA.44.A47A.01A	4	1
999	TCGA.44.A47B.01A	4	1
1000	TCGA.44.A47G.01A	4	2
1001	TCGA.44.A4SS.01A	4	2
1002	TCGA.44.A4SU.01A	4	2
1003	TCGA.49.4487.01A	4	2
1004	TCGA.49.4488.01A	4	1
1005	TCGA.49.4490.01A	4	2
1006	TCGA.49.4512.01A	4	1
1007	TCGA.49.4514.01A	4	2
1008	TCGA.49.6742.01A	4	3
1009	TCGA.49.6743.01A	4	2
1010	TCGA.49.6744.01A	4	2
1011	TCGA.49.6745.01A	4	1
1012	TCGA.49.6745.11A	4	4
1013	TCGA.49.6761.01A	4	1
1014	TCGA.49.6767.01A	4	3
1015	TCGA.49.AAQV.01A	4	2
1016	TCGA.49.AAR0.01A	4	2
1017	TCGA.49.AAR2.01A	4	3
1018	TCGA.49.AAR3.01A	4	2
1019	TCGA.49.AAR4.01A	4	2
1020	TCGA.49.AAR9.01A	4	3
1021	TCGA.49.AARE.01A	4	3
1022	TCGA.49.AARN.01A	4	2
1023	TCGA.49.AARO.01A	4	2
1024	TCGA.49.AARQ.01A	4	3
1025	TCGA.49.AARR.01A	4	2
1026	TCGA.4B.A93V.01A	4	3
1027	TCGA.50.5044.01A	4	1
1028	TCGA.50.5045.01A	4	2
1029	TCGA.50.5049.01A	4	2
1030	TCGA.50.5051.01A	4	1
1031	TCGA.50.5055.01A	4	2
1032	TCGA.50.5066.01A	4	2
1033	TCGA.50.5066.02A	4	2
1034	TCGA.50.5068.01A	4	2
1035	TCGA.50.5072.01A	4	2
1036	TCGA.50.5930.01A	4	2
1037	TCGA.50.5930.11A	4	4
1038	TCGA.50.5931.01A	4	3
1039	TCGA.50.5932.01A	4	3
1040	TCGA.50.5932.11A	4	4
1041	TCGA.50.5933.01A	4	1
1042	TCGA.50.5933.11A	4	4
1043	TCGA.50.5935.01A	4	2
1044	TCGA.50.5936.01A	4	2
1045	TCGA.50.5939.01A	4	2
1046	TCGA.50.5941.01A	4	2
1047	TCGA.50.5942.01A	4	4
1048	TCGA.50.5944.01A	4	4
1049	TCGA.50.5946.01A	4	3
1050	TCGA.50.5946.02A	4	3
1051	TCGA.50.6590.01A	4	1
1052	TCGA.50.6591.01A	4	3
1053	TCGA.50.6592.01A	4	3
1054	TCGA.50.6593.01A	4	4
1055	TCGA.50.6594.01A	4	3
1056	TCGA.50.6595.01A	4	2
1057	TCGA.50.6597.01A	4	2
1058	TCGA.50.6673.01A	4	2
1059	TCGA.50.7109.01A	4	2
1060	TCGA.50.8457.01A	4	2
1061	TCGA.50.8459.01A	4	2
1062	TCGA.50.8460.01A	4	2
1063	TCGA.53.7624.01A	4	3
1064	TCGA.53.7626.01A	4	2
1065	TCGA.53.7813.01A	4	2
1066	TCGA.53.A4EZ.01A	4	3
1067	TCGA.55.5899.01A	4	3
1068	TCGA.55.6543.01A	4	3
1069	TCGA.55.6642.01A	4	2
1070	TCGA.55.6712.01A	4	1
1071	TCGA.55.6968.01A	4	3
1072	TCGA.55.6969.01A	4	2
1073	TCGA.55.6970.01A	4	2
1074	TCGA.55.6971.01A	4	2
1075	TCGA.55.6972.01A	4	3
1076	TCGA.55.6978.01A	4	2
1077	TCGA.55.6979.01A	4	2
1078	TCGA.55.6980.01A	4	2
1079	TCGA.55.6981.01A	4	1
1080	TCGA.55.6982.01A	4	2
1081	TCGA.55.6983.01A	4	2
1082	TCGA.55.6984.01A	4	2
1083	TCGA.55.6985.01A	4	2
1084	TCGA.55.6986.01A	4	1
1085	TCGA.55.6987.01A	4	2
1086	TCGA.55.7227.01A	4	1
1087	TCGA.55.7281.01A	4	1
1088	TCGA.55.7283.01A	4	1
1089	TCGA.55.7284.01B	4	4
1090	TCGA.55.7570.01A	4	3
1091	TCGA.55.7573.01A	4	4
1092	TCGA.55.7574.01A	4	2
1093	TCGA.55.7576.01A	4	1
1094	TCGA.55.7724.01A	4	2
1095	TCGA.55.7725.01A	4	4
1096	TCGA.55.7726.01A	4	4
1097	TCGA.55.7727.01A	4	1
1098	TCGA.55.7728.01A	4	2
1099	TCGA.55.7815.01A	4	1
1100	TCGA.55.7816.01A	4	4
1101	TCGA.55.7903.01A	4	1
1102	TCGA.55.7907.01A	4	1
1103	TCGA.55.7910.01A	4	3
1104	TCGA.55.7911.01A	4	1
1105	TCGA.55.7913.01B	4	3
1106	TCGA.55.7914.01A	4	1
1107	TCGA.55.7994.01A	4	1
1108	TCGA.55.7995.01A	4	2
1109	TCGA.55.8085.01A	4	2
1110	TCGA.55.8087.01A	4	3
1111	TCGA.55.8089.01A	4	2
1112	TCGA.55.8090.01A	4	1
1113	TCGA.55.8091.01A	4	2
1114	TCGA.55.8092.01A	4	2
1115	TCGA.55.8094.01A	4	3
1116	TCGA.55.8096.01A	4	2
1117	TCGA.55.8097.01A	4	4
1118	TCGA.55.8203.01A	4	2
1119	TCGA.55.8204.01A	4	2
1120	TCGA.55.8205.01A	4	1
1121	TCGA.55.8206.01A	4	4
1122	TCGA.55.8207.01A	4	2
1123	TCGA.55.8208.01A	4	2
1124	TCGA.55.8299.01A	4	2
1125	TCGA.55.8301.01A	4	2
1126	TCGA.55.8302.01A	4	1
1127	TCGA.55.8505.01A	4	2
1128	TCGA.55.8506.01A	4	1
1129	TCGA.55.8507.01A	4	3
1130	TCGA.55.8508.01A	4	2
1131	TCGA.55.8510.01A	4	2
1132	TCGA.55.8511.01A	4	1
1133	TCGA.55.8512.01A	4	4
1134	TCGA.55.8513.01A	4	2
1135	TCGA.55.8514.01A	4	1
1136	TCGA.55.8614.01A	4	2
1137	TCGA.55.8615.01A	4	3
1138	TCGA.55.8616.01A	4	2
1139	TCGA.55.8619.01A	4	4
1140	TCGA.55.8620.01A	4	3
1141	TCGA.55.8621.01A	4	4
1142	TCGA.55.A48X.01A	4	2
1143	TCGA.55.A48Y.01A	4	1
1144	TCGA.55.A48Z.01A	4	2
1145	TCGA.55.A490.01A	4	3
1146	TCGA.55.A491.01A	4	2
1147	TCGA.55.A492.01A	4	3
1148	TCGA.55.A493.01A	4	2
1149	TCGA.55.A494.01A	4	3
1150	TCGA.55.A4DF.01A	4	2
1151	TCGA.55.A4DG.01A	4	1
1152	TCGA.55.A57B.01A	4	1
1153	TCGA.62.8394.01A	4	3
1154	TCGA.62.8395.01A	4	2
1155	TCGA.62.8397.01A	4	3
1156	TCGA.62.8398.01A	4	3
1157	TCGA.62.8399.01A	4	3
1158	TCGA.62.8402.01A	4	3
1159	TCGA.62.A46O.01A	4	3
1160	TCGA.62.A46P.01A	4	1
1161	TCGA.62.A46R.01A	4	1
1162	TCGA.62.A46S.01A	4	4
1163	TCGA.62.A46U.01A	4	1
1164	TCGA.62.A46V.01A	4	1
1165	TCGA.62.A46Y.01A	4	4
1166	TCGA.62.A470.01A	4	3
1167	TCGA.62.A471.01A	4	3
1168	TCGA.62.A472.01A	4	1
1169	TCGA.64.1679.01A	4	1
1170	TCGA.64.1681.01A	4	4
1171	TCGA.64.5774.01A	4	3
1172	TCGA.64.5775.01A	4	3
1173	TCGA.64.5778.01A	4	4
1174	TCGA.64.5779.01A	4	3
1175	TCGA.64.5781.01A	4	1
1176	TCGA.64.5815.01A	4	1
1177	TCGA.67.4679.01B	4	4
1178	TCGA.67.6215.01A	4	3
1179	TCGA.67.6216.01A	4	1
1180	TCGA.67.6217.01A	4	2
1181	TCGA.69.7760.01A	4	3
1182	TCGA.69.7761.01A	4	2
1183	TCGA.69.7763.01A	4	4
1184	TCGA.69.7764.01A	4	4
1185	TCGA.69.7765.01A	4	1
1186	TCGA.69.7973.01A	4	3
1187	TCGA.69.7974.01A	4	1
1188	TCGA.69.7978.01A	4	1
1189	TCGA.69.7979.01A	4	3
1190	TCGA.69.7980.01A	4	1
1191	TCGA.69.8253.01A	4	4
1192	TCGA.69.8254.01A	4	2
1193	TCGA.69.8255.01A	4	3
1194	TCGA.69.8453.01A	4	4
1195	TCGA.69.A59K.01A	4	1
1196	TCGA.71.6725.01A	4	3
1197	TCGA.71.8520.01A	4	3
1198	TCGA.73.4658.01A	4	1
1199	TCGA.73.4676.01A	4	1
1200	TCGA.73.7498.01A	4	4
1201	TCGA.73.7499.01A	4	2
1202	TCGA.73.A9RS.01A	4	3
1203	TCGA.75.5122.01A	4	1
1204	TCGA.75.5125.01A	4	1
1205	TCGA.75.5126.01A	4	4
1206	TCGA.75.5146.01A	4	4
1207	TCGA.75.5147.01A	4	4
1208	TCGA.75.6203.01A	4	4
1209	TCGA.75.6205.01A	4	1
1210	TCGA.75.6206.01A	4	4
1211	TCGA.75.6207.01A	4	1
1212	TCGA.75.6211.01A	4	3
1213	TCGA.75.6212.01A	4	4
1214	TCGA.75.6214.01A	4	3
1215	TCGA.75.7025.01A	4	2
1216	TCGA.75.7027.01A	4	3
1217	TCGA.75.7030.01A	4	2
1218	TCGA.75.7031.01A	4	2
1219	TCGA.78.7143.01A	4	1
1220	TCGA.78.7145.01A	4	1
1221	TCGA.78.7146.01A	4	3
1222	TCGA.78.7147.01A	4	4
1223	TCGA.78.7148.01A	4	3
1224	TCGA.78.7149.01A	4	4
1225	TCGA.78.7150.01A	4	3
1226	TCGA.78.7152.01A	4	4
1227	TCGA.78.7153.01A	4	1
1228	TCGA.78.7154.01A	4	1
1229	TCGA.78.7155.01A	4	3
1230	TCGA.78.7156.01A	4	3
1231	TCGA.78.7158.01A	4	3
1232	TCGA.78.7159.01A	4	3
1233	TCGA.78.7160.01A	4	2
1234	TCGA.78.7161.01A	4	3
1235	TCGA.78.7162.01A	4	4
1236	TCGA.78.7163.01A	4	3
1237	TCGA.78.7166.01A	4	1
1238	TCGA.78.7167.01A	4	3
1239	TCGA.78.7220.01A	4	3
1240	TCGA.78.7535.01A	4	1
1241	TCGA.78.7536.01A	4	3
1242	TCGA.78.7537.01A	4	1
1243	TCGA.78.7539.01A	4	4
1244	TCGA.78.7540.01A	4	4
1245	TCGA.78.7542.01A	4	1
1246	TCGA.78.7633.01A	4	3
1247	TCGA.78.8640.01A	4	3
1248	TCGA.78.8648.01A	4	2
1249	TCGA.78.8655.01A	4	1
1250	TCGA.78.8660.01A	4	2
1251	TCGA.78.8662.01A	4	3
1252	TCGA.80.5607.01A	4	2
1253	TCGA.80.5608.01A	4	3
1254	TCGA.80.5611.01A	4	3
1255	TCGA.83.5908.01A	4	2
1256	TCGA.86.6562.01A	4	3
1257	TCGA.86.6851.01A	4	2
1258	TCGA.86.7701.01A	4	2
1259	TCGA.86.7711.01A	4	3
1260	TCGA.86.7713.01A	4	3
1261	TCGA.86.7714.01A	4	4
1262	TCGA.86.7953.01A	4	2
1263	TCGA.86.7954.01A	4	2
1264	TCGA.86.7955.01A	4	3
1265	TCGA.86.8054.01A	4	3
1266	TCGA.86.8055.01A	4	2
1267	TCGA.86.8056.01A	4	4
1268	TCGA.86.8073.01A	4	1
1269	TCGA.86.8074.01A	4	3
1270	TCGA.86.8075.01A	4	2
1271	TCGA.86.8076.01A	4	2
1272	TCGA.86.8278.01A	4	1
1273	TCGA.86.8279.01A	4	1
1274	TCGA.86.8280.01A	4	2
1275	TCGA.86.8281.01A	4	3
1276	TCGA.86.8358.01A	4	3
1277	TCGA.86.8359.01A	4	3
1278	TCGA.86.8585.01A	4	2
1279	TCGA.86.8668.01A	4	2
1280	TCGA.86.8669.01A	4	3
1281	TCGA.86.8671.01A	4	2
1282	TCGA.86.8672.01A	4	1
1283	TCGA.86.8673.01A	4	1
1284	TCGA.86.8674.01A	4	3
1285	TCGA.86.A456.01A	4	1
1286	TCGA.86.A4D0.01A	4	3
1287	TCGA.86.A4JF.01A	4	1
1288	TCGA.86.A4P7.01A	4	2
1289	TCGA.86.A4P8.01A	4	4
1290	TCGA.91.6828.01A	4	1
1291	TCGA.91.6829.01A	4	2
1292	TCGA.91.6830.01A	4	2
1293	TCGA.91.6831.01A	4	3
1294	TCGA.91.6835.01A	4	2
1295	TCGA.91.6836.01A	4	3
1296	TCGA.91.6840.01A	4	3
1297	TCGA.91.6847.01A	4	3
1298	TCGA.91.6848.01A	4	2
1299	TCGA.91.6849.01A	4	4
1300	TCGA.91.7771.01A	4	4
1301	TCGA.91.8496.01A	4	4
1302	TCGA.91.8497.01A	4	2
1303	TCGA.91.8499.01A	4	3
1304	TCGA.91.A4BC.01A	4	2
1305	TCGA.91.A4BD.01A	4	4
1306	TCGA.93.7347.01A	4	2
1307	TCGA.93.7348.01A	4	2
1308	TCGA.93.8067.01A	4	3
1309	TCGA.93.A4JN.01A	4	2
1310	TCGA.93.A4JO.01A	4	2
1311	TCGA.93.A4JP.01A	4	4
1312	TCGA.93.A4JQ.01A	4	2
1313	TCGA.95.7039.01A	4	1
1314	TCGA.95.7043.01A	4	3
1315	TCGA.95.7562.01A	4	3
1316	TCGA.95.7567.01A	4	1
1317	TCGA.95.7944.01A	4	2
1318	TCGA.95.7947.01A	4	2
1319	TCGA.95.7948.01A	4	3
1320	TCGA.95.8039.01A	4	2
1321	TCGA.95.8494.01A	4	1
1322	TCGA.95.A4VK.01A	4	2
1323	TCGA.95.A4VN.01A	4	1
1324	TCGA.95.A4VP.01A	4	2
1325	TCGA.97.7546.01A	4	4
1326	TCGA.97.7547.01A	4	4
1327	TCGA.97.7552.01A	4	4
1328	TCGA.97.7553.01A	4	4
1329	TCGA.97.7554.01A	4	1
1330	TCGA.97.7937.01A	4	1
1331	TCGA.97.7938.01A	4	4
1332	TCGA.97.7941.01A	4	2
1333	TCGA.97.8171.01A	4	3
1334	TCGA.97.8172.01A	4	2
1335	TCGA.97.8174.01A	4	4
1336	TCGA.97.8175.01A	4	1
1337	TCGA.97.8176.01A	4	2
1338	TCGA.97.8177.01A	4	2
1339	TCGA.97.8179.01A	4	2
1340	TCGA.97.8547.01A	4	1
1341	TCGA.97.8552.01A	4	2
1342	TCGA.97.A4LX.01A	4	2
1343	TCGA.97.A4M0.01A	4	1
1344	TCGA.97.A4M1.01A	4	4
1345	TCGA.97.A4M2.01A	4	2
1346	TCGA.97.A4M3.01A	4	3
1347	TCGA.97.A4M5.01A	4	4
1348	TCGA.97.A4M6.01A	4	2
1349	TCGA.97.A4M7.01A	4	2
1350	TCGA.99.7458.01A	4	4
1351	TCGA.99.8025.01A	4	1
1352	TCGA.99.8028.01A	4	2
1353	TCGA.99.8032.01A	4	2
1354	TCGA.99.8033.01A	4	2
1355	TCGA.99.AA5R.01A	4	4
1356	TCGA.J2.8192.01A	4	2
1357	TCGA.J2.8194.01A	4	3
1358	TCGA.J2.A4AD.01A	4	2
1359	TCGA.J2.A4AE.01A	4	4
1360	TCGA.J2.A4AG.01A	4	2
1361	TCGA.L4.A4E5.01A	4	3
1362	TCGA.L4.A4E6.01A	4	4
1363	TCGA.L9.A443.01A	4	2
1364	TCGA.L9.A444.01A	4	2
1365	TCGA.L9.A50W.01A	4	3
1366	TCGA.L9.A5IP.01A	4	1
1367	TCGA.L9.A743.01A	4	2
1368	TCGA.L9.A7SV.01A	4	3
1369	TCGA.L9.A8F4.01A	4	2
1370	TCGA.MN.A4N1.01A	4	3
1371	TCGA.MN.A4N4.01A	4	3
1372	TCGA.MN.A4N5.01A	4	2
1373	TCGA.MP.A4SV.01A	4	2
1374	TCGA.MP.A4SW.01A	4	2
1375	TCGA.MP.A4SY.01A	4	1
1376	TCGA.MP.A4T4.01A	4	2
1377	TCGA.MP.A4T6.01A	4	3
1378	TCGA.MP.A4T7.01A	4	2
1379	TCGA.MP.A4T8.01A	4	2
1380	TCGA.MP.A4T9.01A	4	2
1381	TCGA.MP.A4TA.01A	4	3
1382	TCGA.MP.A4TC.01A	4	2
1383	TCGA.MP.A4TD.01A	4	2
1384	TCGA.MP.A4TE.01A	4	3
1385	TCGA.MP.A4TF.01A	4	3
1386	TCGA.MP.A4TH.01A	4	2
1387	TCGA.MP.A4TI.01A	4	2
1388	TCGA.MP.A4TJ.01A	4	2
1389	TCGA.MP.A4TK.01A	4	2
1390	TCGA.MP.A5C7.01A	4	3
1391	TCGA.NJ.A4YF.01A	4	3
1392	TCGA.NJ.A4YG.01A	4	1
1393	TCGA.NJ.A4YI.01A	4	1
1394	TCGA.NJ.A4YP.01A	4	2
1395	TCGA.NJ.A4YQ.01A	4	2
1396	TCGA.NJ.A55A.01A	4	4
1397	TCGA.NJ.A55O.01A	4	4
1398	TCGA.NJ.A55R.01A	4	2
1399	TCGA.NJ.A7XG.01A	4	4
1400	TCGA.O1.A52J.01A	4	4
1401	TCGA.S2.AA1A.01A	4	2
1402	TCGA.05.4384.01A	5	2
1403	TCGA.05.4390.01A	5	4
1404	TCGA.05.4396.01A	5	2
1405	TCGA.05.4405.01A	5	3
1406	TCGA.05.4410.01A	5	1
1407	TCGA.05.4415.01A	5	4
1408	TCGA.05.4417.01A	5	2
1409	TCGA.05.4424.01A	5	3
1410	TCGA.05.4425.01A	5	1
1411	TCGA.05.4427.01A	5	1
1412	TCGA.05.4433.01A	5	2
1413	TCGA.05.5420.01A	5	3
1414	TCGA.05.5423.01A	5	1
1415	TCGA.05.5425.01A	5	3
1416	TCGA.05.5428.01A	5	1
1417	TCGA.05.5429.01A	5	2
1418	TCGA.05.5715.01A	5	4
1419	TCGA.35.5375.01A	5	4
1420	TCGA.38.4631.01A	5	4
1421	TCGA.38.4632.01A	5	1
1422	TCGA.38.6178.01A	5	2
1423	TCGA.38.7271.01A	5	3
1424	TCGA.38.A44F.01A	5	3
1425	TCGA.44.2655.11A	5	5
1426	TCGA.44.2656.01A	5	1
1427	TCGA.44.2665.01A	5	1
1428	TCGA.44.2665.11A	5	5
1429	TCGA.44.2666.01A	5	1
1430	TCGA.44.2668.01A	5	1
1431	TCGA.44.2668.11A	5	5
1432	TCGA.44.3918.01A	5	3
1433	TCGA.44.4112.01A	5	3
1434	TCGA.44.5643.01A	5	4
1435	TCGA.44.5644.01A	5	4
1436	TCGA.44.5645.01A	5	5
1437	TCGA.44.6144.11A	5	5
1438	TCGA.44.6145.01A	5	3
1439	TCGA.44.6146.01A	5	5
1440	TCGA.44.6146.01B	5	5
1441	TCGA.44.6147.01A	5	3
1442	TCGA.44.6147.01B	5	5
1443	TCGA.44.6148.01A	5	5
1444	TCGA.44.6774.01A	5	3
1445	TCGA.44.6775.01A	5	3
1446	TCGA.44.6775.01C	5	5
1447	TCGA.44.6776.01A	5	2
1448	TCGA.44.6777.01A	5	5
1449	TCGA.44.6778.01A	5	3
1450	TCGA.44.6778.11A	5	5
1451	TCGA.44.6779.01A	5	1
1452	TCGA.44.7659.01A	5	1
1453	TCGA.44.7660.01A	5	4
1454	TCGA.44.7661.01A	5	1
1455	TCGA.44.7662.01A	5	1
1456	TCGA.44.7667.01A	5	4
1457	TCGA.44.7669.01A	5	4
1458	TCGA.44.7670.01A	5	4
1459	TCGA.44.7671.01A	5	2
1460	TCGA.44.7672.01A	5	3
1461	TCGA.44.8117.01A	5	1
1462	TCGA.44.8119.01A	5	4
1463	TCGA.44.8120.01A	5	3
1464	TCGA.44.A479.01A	5	3
1465	TCGA.44.A47A.01A	5	1
1466	TCGA.44.A47B.01A	5	2
1467	TCGA.44.A47G.01A	5	3
1468	TCGA.44.A4SS.01A	5	3
1469	TCGA.44.A4SU.01A	5	2
1470	TCGA.49.4487.01A	5	3
1471	TCGA.49.4488.01A	5	1
1472	TCGA.49.4490.01A	5	2
1473	TCGA.49.4512.01A	5	1
1474	TCGA.49.4514.01A	5	3
1475	TCGA.49.6742.01A	5	4
1476	TCGA.49.6743.01A	5	3
1477	TCGA.49.6744.01A	5	3
1478	TCGA.49.6745.01A	5	1
1479	TCGA.49.6745.11A	5	5
1480	TCGA.49.6761.01A	5	1
1481	TCGA.49.6767.01A	5	1
1482	TCGA.49.AAQV.01A	5	3
1483	TCGA.49.AAR0.01A	5	3
1484	TCGA.49.AAR2.01A	5	4
1485	TCGA.49.AAR3.01A	5	3
1486	TCGA.49.AAR4.01A	5	3
1487	TCGA.49.AAR9.01A	5	4
1488	TCGA.49.AARE.01A	5	4
1489	TCGA.49.AARN.01A	5	3
1490	TCGA.49.AARO.01A	5	1
1491	TCGA.49.AARQ.01A	5	4
1492	TCGA.49.AARR.01A	5	5
1493	TCGA.4B.A93V.01A	5	4
1494	TCGA.50.5044.01A	5	1
1495	TCGA.50.5045.01A	5	3
1496	TCGA.50.5049.01A	5	3
1497	TCGA.50.5051.01A	5	2
1498	TCGA.50.5055.01A	5	3
1499	TCGA.50.5066.01A	5	3
1500	TCGA.50.5066.02A	5	2
1501	TCGA.50.5068.01A	5	3
1502	TCGA.50.5072.01A	5	2
1503	TCGA.50.5930.01A	5	3
1504	TCGA.50.5930.11A	5	5
1505	TCGA.50.5931.01A	5	4
1506	TCGA.50.5932.01A	5	2
1507	TCGA.50.5932.11A	5	5
1508	TCGA.50.5933.01A	5	1
1509	TCGA.50.5933.11A	5	5
1510	TCGA.50.5935.01A	5	3
1511	TCGA.50.5936.01A	5	3
1512	TCGA.50.5939.01A	5	3
1513	TCGA.50.5941.01A	5	3
1514	TCGA.50.5942.01A	5	2
1515	TCGA.50.5944.01A	5	5
1516	TCGA.50.5946.01A	5	4
1517	TCGA.50.5946.02A	5	4
1518	TCGA.50.6590.01A	5	1
1519	TCGA.50.6591.01A	5	4
1520	TCGA.50.6592.01A	5	4
1521	TCGA.50.6593.01A	5	2
1522	TCGA.50.6594.01A	5	4
1523	TCGA.50.6595.01A	5	3
1524	TCGA.50.6597.01A	5	3
1525	TCGA.50.6673.01A	5	3
1526	TCGA.50.7109.01A	5	2
1527	TCGA.50.8457.01A	5	3
1528	TCGA.50.8459.01A	5	3
1529	TCGA.50.8460.01A	5	2
1530	TCGA.53.7624.01A	5	4
1531	TCGA.53.7626.01A	5	2
1532	TCGA.53.7813.01A	5	2
1533	TCGA.53.A4EZ.01A	5	4
1534	TCGA.55.5899.01A	5	4
1535	TCGA.55.6543.01A	5	2
1536	TCGA.55.6642.01A	5	3
1537	TCGA.55.6712.01A	5	1
1538	TCGA.55.6968.01A	5	4
1539	TCGA.55.6969.01A	5	3
1540	TCGA.55.6970.01A	5	2
1541	TCGA.55.6971.01A	5	3
1542	TCGA.55.6972.01A	5	4
1543	TCGA.55.6978.01A	5	3
1544	TCGA.55.6979.01A	5	3
1545	TCGA.55.6980.01A	5	3
1546	TCGA.55.6981.01A	5	1
1547	TCGA.55.6982.01A	5	3
1548	TCGA.55.6983.01A	5	3
1549	TCGA.55.6984.01A	5	1
1550	TCGA.55.6985.01A	5	3
1551	TCGA.55.6986.01A	5	2
1552	TCGA.55.6987.01A	5	3
1553	TCGA.55.7227.01A	5	1
1554	TCGA.55.7281.01A	5	1
1555	TCGA.55.7283.01A	5	1
1556	TCGA.55.7284.01B	5	2
1557	TCGA.55.7570.01A	5	4
1558	TCGA.55.7573.01A	5	2
1559	TCGA.55.7574.01A	5	3
1560	TCGA.55.7576.01A	5	1
1561	TCGA.55.7724.01A	5	3
1562	TCGA.55.7725.01A	5	2
1563	TCGA.55.7726.01A	5	3
1564	TCGA.55.7727.01A	5	1
1565	TCGA.55.7728.01A	5	3
1566	TCGA.55.7815.01A	5	1
1567	TCGA.55.7816.01A	5	5
1568	TCGA.55.7903.01A	5	1
1569	TCGA.55.7907.01A	5	1
1570	TCGA.55.7910.01A	5	4
1571	TCGA.55.7911.01A	5	1
1572	TCGA.55.7913.01B	5	4
1573	TCGA.55.7914.01A	5	1
1574	TCGA.55.7994.01A	5	1
1575	TCGA.55.7995.01A	5	3
1576	TCGA.55.8085.01A	5	3
1577	TCGA.55.8087.01A	5	2
1578	TCGA.55.8089.01A	5	3
1579	TCGA.55.8090.01A	5	1
1580	TCGA.55.8091.01A	5	3
1581	TCGA.55.8092.01A	5	3
1582	TCGA.55.8094.01A	5	4
1583	TCGA.55.8096.01A	5	3
1584	TCGA.55.8097.01A	5	2
1585	TCGA.55.8203.01A	5	3
1586	TCGA.55.8204.01A	5	3
1587	TCGA.55.8205.01A	5	1
1588	TCGA.55.8206.01A	5	2
1589	TCGA.55.8207.01A	5	2
1590	TCGA.55.8208.01A	5	3
1591	TCGA.55.8299.01A	5	3
1592	TCGA.55.8301.01A	5	3
1593	TCGA.55.8302.01A	5	1
1594	TCGA.55.8505.01A	5	3
1595	TCGA.55.8506.01A	5	1
1596	TCGA.55.8507.01A	5	4
1597	TCGA.55.8508.01A	5	3
1598	TCGA.55.8510.01A	5	3
1599	TCGA.55.8511.01A	5	1
1600	TCGA.55.8512.01A	5	5
1601	TCGA.55.8513.01A	5	2
1602	TCGA.55.8514.01A	5	1
1603	TCGA.55.8614.01A	5	3
1604	TCGA.55.8615.01A	5	4
1605	TCGA.55.8616.01A	5	3
1606	TCGA.55.8619.01A	5	2
1607	TCGA.55.8620.01A	5	4
1608	TCGA.55.8621.01A	5	5
1609	TCGA.55.A48X.01A	5	3
1610	TCGA.55.A48Y.01A	5	1
1611	TCGA.55.A48Z.01A	5	3
1612	TCGA.55.A490.01A	5	4
1613	TCGA.55.A491.01A	5	3
1614	TCGA.55.A492.01A	5	2
1615	TCGA.55.A493.01A	5	3
1616	TCGA.55.A494.01A	5	4
1617	TCGA.55.A4DF.01A	5	3
1618	TCGA.55.A4DG.01A	5	1
1619	TCGA.55.A57B.01A	5	1
1620	TCGA.62.8394.01A	5	4
1621	TCGA.62.8395.01A	5	2
1622	TCGA.62.8397.01A	5	2
1623	TCGA.62.8398.01A	5	4
1624	TCGA.62.8399.01A	5	2
1625	TCGA.62.8402.01A	5	4
1626	TCGA.62.A46O.01A	5	4
1627	TCGA.62.A46P.01A	5	1
1628	TCGA.62.A46R.01A	5	1
1629	TCGA.62.A46S.01A	5	2
1630	TCGA.62.A46U.01A	5	1
1631	TCGA.62.A46V.01A	5	1
1632	TCGA.62.A46Y.01A	5	5
1633	TCGA.62.A470.01A	5	2
1634	TCGA.62.A471.01A	5	4
1635	TCGA.62.A472.01A	5	1
1636	TCGA.64.1679.01A	5	2
1637	TCGA.64.1681.01A	5	2
1638	TCGA.64.5774.01A	5	4
1639	TCGA.64.5775.01A	5	1
1640	TCGA.64.5778.01A	5	5
1641	TCGA.64.5779.01A	5	4
1642	TCGA.64.5781.01A	5	1
1643	TCGA.64.5815.01A	5	1
1644	TCGA.67.4679.01B	5	2
1645	TCGA.67.6215.01A	5	4
1646	TCGA.67.6216.01A	5	2
1647	TCGA.67.6217.01A	5	3
1648	TCGA.69.7760.01A	5	4
1649	TCGA.69.7761.01A	5	3
1650	TCGA.69.7763.01A	5	2
1651	TCGA.69.7764.01A	5	2
1652	TCGA.69.7765.01A	5	1
1653	TCGA.69.7973.01A	5	4
1654	TCGA.69.7974.01A	5	1
1655	TCGA.69.7978.01A	5	1
1656	TCGA.69.7979.01A	5	4
1657	TCGA.69.7980.01A	5	1
1658	TCGA.69.8253.01A	5	2
1659	TCGA.69.8254.01A	5	3
1660	TCGA.69.8255.01A	5	4
1661	TCGA.69.8453.01A	5	5
1662	TCGA.69.A59K.01A	5	2
1663	TCGA.71.6725.01A	5	4
1664	TCGA.71.8520.01A	5	2
1665	TCGA.73.4658.01A	5	1
1666	TCGA.73.4676.01A	5	1
1667	TCGA.73.7498.01A	5	1
1668	TCGA.73.7499.01A	5	3
1669	TCGA.73.A9RS.01A	5	4
1670	TCGA.75.5122.01A	5	1
1671	TCGA.75.5125.01A	5	1
1672	TCGA.75.5126.01A	5	2
1673	TCGA.75.5146.01A	5	2
1674	TCGA.75.5147.01A	5	5
1675	TCGA.75.6203.01A	5	2
1676	TCGA.75.6205.01A	5	1
1677	TCGA.75.6206.01A	5	2
1678	TCGA.75.6207.01A	5	1
1679	TCGA.75.6211.01A	5	1
1680	TCGA.75.6212.01A	5	2
1681	TCGA.75.6214.01A	5	4
1682	TCGA.75.7025.01A	5	3
1683	TCGA.75.7027.01A	5	4
1684	TCGA.75.7030.01A	5	3
1685	TCGA.75.7031.01A	5	4
1686	TCGA.78.7143.01A	5	2
1687	TCGA.78.7145.01A	5	2
1688	TCGA.78.7146.01A	5	4
1689	TCGA.78.7147.01A	5	2
1690	TCGA.78.7148.01A	5	4
1691	TCGA.78.7149.01A	5	2
1692	TCGA.78.7150.01A	5	4
1693	TCGA.78.7152.01A	5	2
1694	TCGA.78.7153.01A	5	1
1695	TCGA.78.7154.01A	5	2
1696	TCGA.78.7155.01A	5	4
1697	TCGA.78.7156.01A	5	2
1698	TCGA.78.7158.01A	5	2
1699	TCGA.78.7159.01A	5	2
1700	TCGA.78.7160.01A	5	3
1701	TCGA.78.7161.01A	5	4
1702	TCGA.78.7162.01A	5	2
1703	TCGA.78.7163.01A	5	2
1704	TCGA.78.7166.01A	5	2
1705	TCGA.78.7167.01A	5	2
1706	TCGA.78.7220.01A	5	4
1707	TCGA.78.7535.01A	5	1
1708	TCGA.78.7536.01A	5	4
1709	TCGA.78.7537.01A	5	2
1710	TCGA.78.7539.01A	5	2
1711	TCGA.78.7540.01A	5	2
1712	TCGA.78.7542.01A	5	1
1713	TCGA.78.7633.01A	5	4
1714	TCGA.78.8640.01A	5	4
1715	TCGA.78.8648.01A	5	3
1716	TCGA.78.8655.01A	5	1
1717	TCGA.78.8660.01A	5	3
1718	TCGA.78.8662.01A	5	4
1719	TCGA.80.5607.01A	5	3
1720	TCGA.80.5608.01A	5	4
1721	TCGA.80.5611.01A	5	4
1722	TCGA.83.5908.01A	5	3
1723	TCGA.86.6562.01A	5	2
1724	TCGA.86.6851.01A	5	3
1725	TCGA.86.7701.01A	5	3
1726	TCGA.86.7711.01A	5	4
1727	TCGA.86.7713.01A	5	4
1728	TCGA.86.7714.01A	5	2
1729	TCGA.86.7953.01A	5	3
1730	TCGA.86.7954.01A	5	3
1731	TCGA.86.7955.01A	5	4
1732	TCGA.86.8054.01A	5	4
1733	TCGA.86.8055.01A	5	3
1734	TCGA.86.8056.01A	5	2
1735	TCGA.86.8073.01A	5	1
1736	TCGA.86.8074.01A	5	2
1737	TCGA.86.8075.01A	5	3
1738	TCGA.86.8076.01A	5	3
1739	TCGA.86.8278.01A	5	2
1740	TCGA.86.8279.01A	5	2
1741	TCGA.86.8280.01A	5	3
1742	TCGA.86.8281.01A	5	2
1743	TCGA.86.8358.01A	5	4
1744	TCGA.86.8359.01A	5	4
1745	TCGA.86.8585.01A	5	3
1746	TCGA.86.8668.01A	5	3
1747	TCGA.86.8669.01A	5	2
1748	TCGA.86.8671.01A	5	3
1749	TCGA.86.8672.01A	5	1
1750	TCGA.86.8673.01A	5	1
1751	TCGA.86.8674.01A	5	4
1752	TCGA.86.A456.01A	5	1
1753	TCGA.86.A4D0.01A	5	4
1754	TCGA.86.A4JF.01A	5	1
1755	TCGA.86.A4P7.01A	5	3
1756	TCGA.86.A4P8.01A	5	5
1757	TCGA.91.6828.01A	5	2
1758	TCGA.91.6829.01A	5	4
1759	TCGA.91.6830.01A	5	3
1760	TCGA.91.6831.01A	5	4
1761	TCGA.91.6835.01A	5	3
1762	TCGA.91.6836.01A	5	4
1763	TCGA.91.6840.01A	5	4
1764	TCGA.91.6847.01A	5	4
1765	TCGA.91.6848.01A	5	1
1766	TCGA.91.6849.01A	5	2
1767	TCGA.91.7771.01A	5	2
1768	TCGA.91.8496.01A	5	2
1769	TCGA.91.8497.01A	5	3
1770	TCGA.91.8499.01A	5	4
1771	TCGA.91.A4BC.01A	5	3
1772	TCGA.91.A4BD.01A	5	2
1773	TCGA.93.7347.01A	5	3
1774	TCGA.93.7348.01A	5	3
1775	TCGA.93.8067.01A	5	4
1776	TCGA.93.A4JN.01A	5	2
1777	TCGA.93.A4JO.01A	5	3
1778	TCGA.93.A4JP.01A	5	2
1779	TCGA.93.A4JQ.01A	5	3
1780	TCGA.95.7039.01A	5	1
1781	TCGA.95.7043.01A	5	4
1782	TCGA.95.7562.01A	5	4
1783	TCGA.95.7567.01A	5	1
1784	TCGA.95.7944.01A	5	3
1785	TCGA.95.7947.01A	5	2
1786	TCGA.95.7948.01A	5	4
1787	TCGA.95.8039.01A	5	3
1788	TCGA.95.8494.01A	5	1
1789	TCGA.95.A4VK.01A	5	3
1790	TCGA.95.A4VN.01A	5	1
1791	TCGA.95.A4VP.01A	5	3
1792	TCGA.97.7546.01A	5	2
1793	TCGA.97.7547.01A	5	2
1794	TCGA.97.7552.01A	5	5
1795	TCGA.97.7553.01A	5	5
1796	TCGA.97.7554.01A	5	1
1797	TCGA.97.7937.01A	5	2
1798	TCGA.97.7938.01A	5	5
1799	TCGA.97.7941.01A	5	3
1800	TCGA.97.8171.01A	5	4
1801	TCGA.97.8172.01A	5	3
1802	TCGA.97.8174.01A	5	5
1803	TCGA.97.8175.01A	5	1
1804	TCGA.97.8176.01A	5	3
1805	TCGA.97.8177.01A	5	3
1806	TCGA.97.8179.01A	5	3
1807	TCGA.97.8547.01A	5	1
1808	TCGA.97.8552.01A	5	2
1809	TCGA.97.A4LX.01A	5	3
1810	TCGA.97.A4M0.01A	5	1
1811	TCGA.97.A4M1.01A	5	5
1812	TCGA.97.A4M2.01A	5	3
1813	TCGA.97.A4M3.01A	5	2
1814	TCGA.97.A4M5.01A	5	2
1815	TCGA.97.A4M6.01A	5	3
1816	TCGA.97.A4M7.01A	5	3
1817	TCGA.99.7458.01A	5	2
1818	TCGA.99.8025.01A	5	1
1819	TCGA.99.8028.01A	5	3
1820	TCGA.99.8032.01A	5	3
1821	TCGA.99.8033.01A	5	3
1822	TCGA.99.AA5R.01A	5	5
1823	TCGA.J2.8192.01A	5	2
1824	TCGA.J2.8194.01A	5	2
1825	TCGA.J2.A4AD.01A	5	3
1826	TCGA.J2.A4AE.01A	5	2
1827	TCGA.J2.A4AG.01A	5	3
1828	TCGA.L4.A4E5.01A	5	4
1829	TCGA.L4.A4E6.01A	5	5
1830	TCGA.L9.A443.01A	5	2
1831	TCGA.L9.A444.01A	5	3
1832	TCGA.L9.A50W.01A	5	2
1833	TCGA.L9.A5IP.01A	5	1
1834	TCGA.L9.A743.01A	5	3
1835	TCGA.L9.A7SV.01A	5	4
1836	TCGA.L9.A8F4.01A	5	3
1837	TCGA.MN.A4N1.01A	5	2
1838	TCGA.MN.A4N4.01A	5	4
1839	TCGA.MN.A4N5.01A	5	3
1840	TCGA.MP.A4SV.01A	5	3
1841	TCGA.MP.A4SW.01A	5	3
1842	TCGA.MP.A4SY.01A	5	1
1843	TCGA.MP.A4T4.01A	5	3
1844	TCGA.MP.A4T6.01A	5	2
1845	TCGA.MP.A4T7.01A	5	3
1846	TCGA.MP.A4T8.01A	5	2
1847	TCGA.MP.A4T9.01A	5	3
1848	TCGA.MP.A4TA.01A	5	4
1849	TCGA.MP.A4TC.01A	5	2
1850	TCGA.MP.A4TD.01A	5	3
1851	TCGA.MP.A4TE.01A	5	4
1852	TCGA.MP.A4TF.01A	5	4
1853	TCGA.MP.A4TH.01A	5	3
1854	TCGA.MP.A4TI.01A	5	3
1855	TCGA.MP.A4TJ.01A	5	3
1856	TCGA.MP.A4TK.01A	5	2
1857	TCGA.MP.A5C7.01A	5	2
1858	TCGA.NJ.A4YF.01A	5	4
1859	TCGA.NJ.A4YG.01A	5	2
1860	TCGA.NJ.A4YI.01A	5	2
1861	TCGA.NJ.A4YP.01A	5	3
1862	TCGA.NJ.A4YQ.01A	5	3
1863	TCGA.NJ.A55A.01A	5	5
1864	TCGA.NJ.A55O.01A	5	2
1865	TCGA.NJ.A55R.01A	5	3
1866	TCGA.NJ.A7XG.01A	5	2
1867	TCGA.O1.A52J.01A	5	2
1868	TCGA.S2.AA1A.01A	5	3
