	samples	K	cluster
1	TCGA.18.3417.01A	2	1
2	TCGA.18.4721.01A	2	2
3	TCGA.18.5592.01A	2	2
4	TCGA.18.5595.01A	2	2
5	TCGA.21.5782.01A	2	2
6	TCGA.21.5783.01A	2	2
7	TCGA.21.5784.01A	2	2
8	TCGA.21.5786.01A	2	2
9	TCGA.21.5787.01A	2	2
10	TCGA.21.A5DI.01A	2	1
11	TCGA.22.4593.01A	2	2
12	TCGA.22.4601.01A	2	2
13	TCGA.22.4605.01A	2	2
14	TCGA.22.4609.01A	2	2
15	TCGA.22.4613.01A	2	2
16	TCGA.22.5471.01A	2	2
17	TCGA.22.5472.01A	2	2
18	TCGA.22.5472.11A	2	2
19	TCGA.22.5473.01A	2	2
20	TCGA.22.5474.01A	2	2
21	TCGA.22.5477.01A	2	2
22	TCGA.22.5478.01A	2	2
23	TCGA.22.5478.11A	2	2
24	TCGA.22.5479.01A	2	2
25	TCGA.22.5480.01A	2	2
26	TCGA.22.5481.01A	2	2
27	TCGA.22.5482.01A	2	2
28	TCGA.22.5483.01A	2	2
29	TCGA.22.5485.01A	2	2
30	TCGA.22.5489.01A	2	2
31	TCGA.22.5491.01A	2	2
32	TCGA.22.5492.01A	2	2
33	TCGA.22.A5C4.01A	2	2
34	TCGA.33.4566.01A	2	2
35	TCGA.33.4582.01A	2	2
36	TCGA.33.4583.01A	2	2
37	TCGA.33.4586.01A	2	1
38	TCGA.33.4587.01A	2	2
39	TCGA.33.4589.01A	2	2
40	TCGA.33.6737.01A	2	1
41	TCGA.33.6738.01A	2	2
42	TCGA.33.A4WN.01A	2	1
43	TCGA.33.A5GW.01A	2	2
44	TCGA.33.AAS8.01A	2	2
45	TCGA.33.AASB.01A	2	2
46	TCGA.33.AASD.01A	2	1
47	TCGA.33.AASI.01A	2	1
48	TCGA.33.AASJ.01A	2	1
49	TCGA.33.AASL.01A	2	1
50	TCGA.34.5231.01A	2	2
51	TCGA.34.5232.01A	2	2
52	TCGA.34.5234.01A	2	2
53	TCGA.34.5236.01A	2	1
54	TCGA.34.5239.01A	2	1
55	TCGA.34.5240.01A	2	1
56	TCGA.34.5241.01A	2	1
57	TCGA.34.5927.01A	2	2
58	TCGA.34.5928.01A	2	1
59	TCGA.34.5929.01A	2	2
60	TCGA.34.7107.01A	2	2
61	TCGA.34.8454.01A	2	2
62	TCGA.34.8455.01A	2	2
63	TCGA.34.8456.01A	2	2
64	TCGA.34.A5IX.01A	2	2
65	TCGA.37.5819.01A	2	2
66	TCGA.37.A5EL.01A	2	1
67	TCGA.37.A5EM.01A	2	1
68	TCGA.37.A5EN.01A	2	2
69	TCGA.39.5011.01A	2	2
70	TCGA.39.5019.01A	2	1
71	TCGA.39.5021.01A	2	2
72	TCGA.39.5022.01A	2	1
73	TCGA.39.5024.01A	2	2
74	TCGA.39.5027.01A	2	2
75	TCGA.39.5028.01A	2	2
76	TCGA.39.5029.01A	2	1
77	TCGA.39.5030.01A	2	2
78	TCGA.39.5031.01A	2	2
79	TCGA.39.5034.01A	2	2
80	TCGA.39.5035.01A	2	1
81	TCGA.39.5036.01A	2	2
82	TCGA.39.5037.01A	2	2
83	TCGA.39.5039.01A	2	1
84	TCGA.39.5040.01A	2	2
85	TCGA.43.5668.01A	2	2
86	TCGA.43.5670.01A	2	2
87	TCGA.43.6143.01A	2	2
88	TCGA.43.6647.01A	2	1
89	TCGA.43.6770.01A	2	2
90	TCGA.43.6771.01A	2	2
91	TCGA.43.6771.11A	2	2
92	TCGA.43.6773.01A	2	2
93	TCGA.43.7656.01A	2	2
94	TCGA.43.7657.01A	2	1
95	TCGA.43.7658.01A	2	2
96	TCGA.43.8115.01A	2	1
97	TCGA.43.8116.01A	2	1
98	TCGA.43.8118.01A	2	1
99	TCGA.43.A474.01A	2	1
100	TCGA.43.A475.01A	2	1
101	TCGA.43.A56U.01A	2	2
102	TCGA.43.A56V.01A	2	2
103	TCGA.46.6025.01A	2	1
104	TCGA.46.6026.01A	2	2
105	TCGA.51.6867.01A	2	2
106	TCGA.52.7622.01A	2	2
107	TCGA.52.7809.01A	2	2
108	TCGA.52.7810.01A	2	2
109	TCGA.52.7811.01A	2	2
110	TCGA.52.7812.01A	2	1
111	TCGA.56.5897.01A	2	1
112	TCGA.56.5898.01A	2	2
113	TCGA.56.6545.01A	2	2
114	TCGA.56.6546.01A	2	2
115	TCGA.56.7221.01A	2	2
116	TCGA.56.7222.01A	2	2
117	TCGA.56.7223.01A	2	2
118	TCGA.56.7579.01A	2	2
119	TCGA.56.7580.01A	2	2
120	TCGA.56.7582.01A	2	1
121	TCGA.56.7730.01A	2	2
122	TCGA.56.7731.01A	2	2
123	TCGA.56.7822.01A	2	1
124	TCGA.56.7823.01B	2	2
125	TCGA.56.8082.01A	2	2
126	TCGA.56.8083.01A	2	2
127	TCGA.56.8201.01A	2	1
128	TCGA.56.8304.01A	2	2
129	TCGA.56.8305.01A	2	2
130	TCGA.56.8307.01A	2	2
131	TCGA.56.8308.01A	2	1
132	TCGA.56.8309.01A	2	1
133	TCGA.56.8503.01A	2	1
134	TCGA.56.8504.01A	2	1
135	TCGA.56.8622.01A	2	1
136	TCGA.56.8623.01A	2	2
137	TCGA.56.8624.01A	2	2
138	TCGA.56.8625.01A	2	1
139	TCGA.56.8626.01A	2	2
140	TCGA.56.8628.01A	2	2
141	TCGA.56.8629.01A	2	1
142	TCGA.56.A49D.01A	2	2
143	TCGA.56.A4BW.01A	2	1
144	TCGA.56.A4BX.01A	2	2
145	TCGA.56.A4BY.01A	2	1
146	TCGA.56.A4ZJ.01A	2	1
147	TCGA.56.A4ZK.01A	2	1
148	TCGA.56.A5DR.01A	2	2
149	TCGA.56.A62T.01A	2	1
150	TCGA.58.8386.01A	2	1
151	TCGA.58.8387.01A	2	2
152	TCGA.58.8388.01A	2	2
153	TCGA.58.8390.01A	2	2
154	TCGA.58.8391.01A	2	2
155	TCGA.58.8392.01A	2	2
156	TCGA.58.8393.01A	2	1
157	TCGA.58.A46J.01A	2	2
158	TCGA.58.A46K.01A	2	1
159	TCGA.58.A46L.01A	2	1
160	TCGA.58.A46M.01A	2	1
161	TCGA.58.A46N.01A	2	2
162	TCGA.60.2697.01A	2	1
163	TCGA.60.2703.01A	2	1
164	TCGA.60.2704.01A	2	1
165	TCGA.60.2709.01A	2	1
166	TCGA.63.5128.01A	2	2
167	TCGA.63.5131.01A	2	2
168	TCGA.63.6202.01A	2	1
169	TCGA.63.7020.01A	2	2
170	TCGA.63.7021.01A	2	2
171	TCGA.63.7022.01A	2	2
172	TCGA.63.A5M9.01A	2	1
173	TCGA.63.A5MB.01A	2	2
174	TCGA.63.A5MG.01A	2	1
175	TCGA.63.A5MH.01A	2	2
176	TCGA.63.A5MI.01A	2	2
177	TCGA.63.A5MJ.01A	2	1
178	TCGA.63.A5ML.01A	2	1
179	TCGA.63.A5MM.01A	2	1
180	TCGA.63.A5MN.01A	2	1
181	TCGA.63.A5MP.01A	2	1
182	TCGA.63.A5MR.01A	2	1
183	TCGA.63.A5MS.01A	2	1
184	TCGA.63.A5MT.01A	2	2
185	TCGA.63.A5MU.01A	2	2
186	TCGA.63.A5MV.01A	2	1
187	TCGA.63.A5MW.01A	2	2
188	TCGA.63.A5MY.01A	2	2
189	TCGA.68.7755.01A	2	2
190	TCGA.68.7756.01A	2	1
191	TCGA.68.7757.01B	2	1
192	TCGA.68.8250.01A	2	2
193	TCGA.68.8251.01A	2	1
194	TCGA.68.A59I.01A	2	1
195	TCGA.68.A59J.01A	2	1
196	TCGA.6A.AB49.01A	2	2
197	TCGA.70.6722.01A	2	1
198	TCGA.70.6723.01A	2	2
199	TCGA.77.6842.01A	2	2
200	TCGA.77.6843.01A	2	2
201	TCGA.77.6844.01A	2	2
202	TCGA.77.6845.01A	2	2
203	TCGA.77.7138.01A	2	1
204	TCGA.77.7139.01A	2	2
205	TCGA.77.7140.01A	2	2
206	TCGA.77.7141.01A	2	2
207	TCGA.77.7142.01A	2	2
208	TCGA.77.7335.01A	2	1
209	TCGA.77.7337.01A	2	1
210	TCGA.77.7338.01A	2	1
211	TCGA.77.7463.01A	2	2
212	TCGA.77.7465.01A	2	2
213	TCGA.77.8007.01A	2	1
214	TCGA.77.8008.01A	2	1
215	TCGA.77.8009.01A	2	1
216	TCGA.77.8128.01A	2	1
217	TCGA.77.8130.01A	2	1
218	TCGA.77.8131.01A	2	1
219	TCGA.77.8133.01A	2	2
220	TCGA.77.8136.01A	2	1
221	TCGA.77.8138.01A	2	1
222	TCGA.77.8139.01A	2	1
223	TCGA.77.8140.01A	2	1
224	TCGA.77.8143.01A	2	2
225	TCGA.77.8144.01A	2	2
226	TCGA.77.8145.01A	2	1
227	TCGA.77.8146.01A	2	1
228	TCGA.77.8148.01A	2	2
229	TCGA.77.8150.01A	2	1
230	TCGA.77.8153.01A	2	2
231	TCGA.77.8154.01A	2	2
232	TCGA.77.8156.01A	2	1
233	TCGA.77.A5FZ.01A	2	1
234	TCGA.77.A5G1.01A	2	1
235	TCGA.77.A5G3.01A	2	2
236	TCGA.77.A5G6.01A	2	2
237	TCGA.77.A5G7.01B	2	2
238	TCGA.77.A5G8.01B	2	2
239	TCGA.77.A5GA.01A	2	1
240	TCGA.77.A5GB.01B	2	1
241	TCGA.77.A5GF.01A	2	1
242	TCGA.77.A5GH.01A	2	1
243	TCGA.79.5596.01A	2	2
244	TCGA.85.6175.01A	2	1
245	TCGA.85.6560.01A	2	2
246	TCGA.85.6561.01A	2	1
247	TCGA.85.6798.01A	2	2
248	TCGA.85.7696.01A	2	1
249	TCGA.85.7697.01A	2	2
250	TCGA.85.7698.01A	2	1
251	TCGA.85.7699.01A	2	2
252	TCGA.85.7710.01A	2	2
253	TCGA.85.7843.01A	2	2
254	TCGA.85.7844.01A	2	1
255	TCGA.85.7950.01A	2	2
256	TCGA.85.8048.01A	2	1
257	TCGA.85.8049.01A	2	2
258	TCGA.85.8052.01A	2	2
259	TCGA.85.8070.01A	2	2
260	TCGA.85.8071.01A	2	2
261	TCGA.85.8072.01A	2	1
262	TCGA.85.8276.01A	2	1
263	TCGA.85.8287.01A	2	1
264	TCGA.85.8288.01A	2	1
265	TCGA.85.8350.01A	2	2
266	TCGA.85.8351.01A	2	1
267	TCGA.85.8352.01A	2	1
268	TCGA.85.8353.01A	2	1
269	TCGA.85.8354.01A	2	2
270	TCGA.85.8355.01A	2	2
271	TCGA.85.8479.01A	2	2
272	TCGA.85.8481.01A	2	1
273	TCGA.85.8580.01A	2	2
274	TCGA.85.8582.01A	2	1
275	TCGA.85.8584.01A	2	1
276	TCGA.85.8664.01A	2	1
277	TCGA.85.8666.01A	2	1
278	TCGA.85.A4CL.01A	2	1
279	TCGA.85.A4CN.01A	2	2
280	TCGA.85.A4JB.01A	2	2
281	TCGA.85.A4JC.01A	2	1
282	TCGA.85.A4PA.01A	2	2
283	TCGA.85.A4QQ.01A	2	1
284	TCGA.85.A4QR.01A	2	2
285	TCGA.85.A50M.01A	2	1
286	TCGA.85.A50Z.01A	2	1
287	TCGA.85.A510.01A	2	2
288	TCGA.85.A511.01A	2	1
289	TCGA.85.A512.01A	2	2
290	TCGA.85.A513.01A	2	1
291	TCGA.85.A53L.01A	2	1
292	TCGA.85.A5B5.01A	2	2
293	TCGA.90.6837.01A	2	2
294	TCGA.90.7766.01A	2	2
295	TCGA.90.7767.01A	2	2
296	TCGA.90.7769.01A	2	2
297	TCGA.90.7964.01A	2	1
298	TCGA.90.A4ED.01A	2	2
299	TCGA.90.A4EE.01A	2	1
300	TCGA.90.A59Q.01A	2	1
301	TCGA.92.7340.01A	2	1
302	TCGA.92.7341.01A	2	1
303	TCGA.92.8063.01A	2	1
304	TCGA.92.8064.01A	2	1
305	TCGA.92.8065.01A	2	2
306	TCGA.94.7033.01A	2	2
307	TCGA.94.7557.01A	2	1
308	TCGA.94.7943.01A	2	2
309	TCGA.94.8035.01A	2	2
310	TCGA.94.8490.01A	2	2
311	TCGA.94.8491.01A	2	2
312	TCGA.94.A4VJ.01A	2	1
313	TCGA.94.A5I4.01A	2	2
314	TCGA.94.A5I6.01A	2	1
315	TCGA.96.7544.01A	2	1
316	TCGA.96.7545.01A	2	2
317	TCGA.96.8169.01A	2	1
318	TCGA.96.8170.01A	2	2
319	TCGA.96.A4JK.01A	2	1
320	TCGA.96.A4JL.01A	2	1
321	TCGA.98.7454.01A	2	1
322	TCGA.98.8020.01A	2	2
323	TCGA.98.8021.01A	2	2
324	TCGA.98.8022.01A	2	1
325	TCGA.98.8023.01A	2	1
326	TCGA.98.A538.01A	2	1
327	TCGA.98.A539.01A	2	1
328	TCGA.98.A53A.01A	2	2
329	TCGA.98.A53B.01A	2	1
330	TCGA.98.A53C.01A	2	2
331	TCGA.98.A53D.01A	2	1
332	TCGA.98.A53H.01A	2	1
333	TCGA.98.A53I.01A	2	1
334	TCGA.98.A53J.01A	2	1
335	TCGA.J1.A4AH.01A	2	2
336	TCGA.L3.A4E7.01A	2	2
337	TCGA.L3.A524.01A	2	2
338	TCGA.LA.A446.01A	2	2
339	TCGA.LA.A7SW.01A	2	2
340	TCGA.MF.A522.01A	2	1
341	TCGA.NC.A5HD.01A	2	2
342	TCGA.NC.A5HE.01A	2	1
343	TCGA.NC.A5HF.01A	2	2
344	TCGA.NC.A5HG.01A	2	1
345	TCGA.NC.A5HH.01A	2	2
346	TCGA.NC.A5HI.01A	2	2
347	TCGA.NC.A5HJ.01A	2	2
348	TCGA.NC.A5HK.01A	2	1
349	TCGA.NC.A5HL.01A	2	1
350	TCGA.NC.A5HM.01A	2	2
351	TCGA.NC.A5HN.01A	2	2
352	TCGA.NC.A5HO.01A	2	1
353	TCGA.NC.A5HP.01A	2	1
354	TCGA.NC.A5HQ.01A	2	1
355	TCGA.NC.A5HR.01A	2	2
356	TCGA.NC.A5HT.01A	2	2
357	TCGA.NK.A5CR.01A	2	1
358	TCGA.NK.A5CT.01A	2	1
359	TCGA.NK.A5CX.01A	2	1
360	TCGA.NK.A5D1.01A	2	2
361	TCGA.NK.A7XE.01A	2	1
362	TCGA.O2.A52N.01A	2	1
363	TCGA.O2.A52Q.01A	2	1
364	TCGA.O2.A52S.01A	2	2
365	TCGA.O2.A52V.01A	2	1
366	TCGA.O2.A52W.01A	2	2
367	TCGA.O2.A5IB.01A	2	2
368	TCGA.XC.AA0X.01A	2	2
